1780928146231 0.6602242813933523 1
1780928163078 0.6602242813933523 2
1780928179346 0.6602242813933523 3
1780928195475 0.6602242813933523 4
1780928212027 0.6602242813933523 5
1780928228322 0.6602242813933523 6
1780928244635 0.6602242813933523 7
1780928260739 0.6602242813933523 8
1780928276801 0.6602242813933523 9
1780928292878 0.6602242813933523 10
1780928308975 0.6602242813933523 11
1780928325115 0.6602242813933523 12
1780928341269 0.6602242813933523 13
1780928357419 0.6602242813933523 14
1780928373534 0.6602242813933523 15
1780928389653 0.6602242813933523 16
1780928405740 0.6602242813933523 17
1780928422111 0.6602242813933523 18
1780928438215 0.6602242813933523 19
1780928454306 0.6602242813933523 20
1780928470659 0.6602242813933523 21
1780928486774 0.6602242813933523 22
1780928502898 0.6602242813933523 23
1780928519007 0.6602242813933523 24
1780928535486 0.6602242813933523 25
1780928551800 0.6602242813933523 26
1780928568079 0.6602242813933523 27
1780928584176 0.6602242813933523 28
1780928600295 0.6602242813933523 29
1780928616385 0.6602242813933523 30
1780928632489 0.6602242813933523 31
1780928648582 0.6602242813933523 32
1780928664659 0.6602242813933523 33
1780928680800 0.6602242813933523 34
1780928696911 0.6602242813933523 35
1780928713009 0.6602242813933523 36
1780928729129 0.6602242813933523 37
1780928745272 0.6602242813933523 38
1780928761386 0.6602242813933523 39
1780928777511 0.6602242813933523 40
1780928793650 0.6602242813933523 41
1780928809752 0.6602242813933523 42
1780928825861 0.6602242813933523 43
1780928841959 0.6602242813933523 44
1780928858134 0.6602242813933523 45
1780928874215 0.6602242813933523 46
1780928884306 0.6602242813933523 47
