1780928146230 99.0734011627907 1
1780928163077 99.53670058139535 2
1780928179345 99.59120639534885 3
1780928195474 99.33684593023256 4
1780928212025 99.73655523255815 5
1780928228321 99.81831395348837 6
1780928244634 99.83648255813954 7
1780928260738 99.60029069767442 8
1780928276799 99.30959302325581 9
1780928292877 99.70021802325581 10
1780928308974 98.73728197674419 11
1780928325114 99.32776162790698 12
1780928341268 99.77289244186046 13
1780928357418 99.66388081395348 14
1780928373532 99.70021802325581 15
1780928389651 99.4640261627907 16
1780928405738 99.88190406976744 17
1780928422110 99.86373546511628 18
1780928438214 99.72747093023256 19
1780928454305 99.56395348837209 20
1780928470657 99.81831395348837 21
1780928486773 99.77289244186046 22
1780928502897 99.609375 23
1780928519006 99.65479651162791 24
1780928535484 99.84556686046511 25
1780928551799 99.88190406976744 26
1780928568077 99.74563953488372 27
1780928584175 99.8092296511628 28
1780928600293 99.73655523255815 29
1780928616384 98.91896802325581 30
1780928632488 99.52761627906976 31
1780928648581 99.64571220930233 32
1780928664658 99.65479651162791 33
1780928680799 99.51853197674419 34
1780928696909 99.77289244186046 35
1780928713007 99.8546511627907 36
1780928729127 99.76380813953489 37
1780928745271 99.70930232558139 38
1780928761384 99.4095203488372 39
1780928777510 99.78197674418605 40
1780928793649 99.70021802325581 41
1780928809750 99.7547238372093 42
1780928825860 99.81831395348837 43
1780928841958 99.91824127906976 44
1780928858133 99.84556686046511 45
1780928874214 99.90007267441861 46
1780928884305 99.82739825581395 47
