1780924938558 9.85831306441073 1
1780924955784 9.715332180565344 2
1780924972843 9.5744250321564 3
1780924989941 9.435561542585232 4
1780925007084 9.298712071471687 5
1780925024622 9.163847408327388 6
1780925042358 9.030938766320775 7
1780925059627 8.899957776132542 8
1780925076904 8.770876479900233 9
1780925094333 8.643667325250629 10
1780925111511 8.518303159418704 11
1780925128579 8.394757223451876 12
1780925145749 8.273003146498311 13
1780925162992 8.153014940178076 14
1780925180672 8.034766993035916 15
1780925198283 7.918234065074507 16
1780925215676 7.803391282366969 17
1780925232800 7.690214131747549 18
1780925249968 7.578678455579279 19
1780925267023 7.468760446597539 20
1780925284072 7.3604366428283985 21
1780925301472 7.25368392258067 22
1780925318564 7.148479499510581 23
1780925336022 7.044800917758041 24
1780925353147 6.942626047153438 25
1780925370273 6.841933078493963 26
1780925387531 6.742700518888441 27
1780925404739 6.64490718716967 28
1780925422191 6.548532209373317 29
1780925439677 6.45355501428237 30
1780925457282 6.359955329036213 31
1780925474382 6.267713174803395 32
1780925491473 6.176808862517151 33
1780925508529 6.08722298867277 34
1780925525592 5.998936431185928 35
1780925542650 5.911930345311081 36
1780925560069 5.8261861596190565 37
1780925577597 5.741685572032992 38
1780925594678 5.658410545921752 39
1780925612048 5.576343306250022 40
1780925629200 5.495466335784225 41
1780925646361 5.415762371353475 42
1780925663470 5.337214400164756 43
1780925680753 5.2598056561715465 44
1780925698085 5.183519616495111 45
1780925715363 5.108339997897691 46
1780925732590 5.034250753306856 47
1780925749700 4.961236068390259 48
1780925767214 4.889280358180072 49
1780925784430 4.818368263746372 50
1780925801853 4.7484846489187875 51
1780925818989 4.6796145970556875 52
1780925836198 4.611743407860217 53
1780925853728 4.544856594242536 54
1780925871126 4.478939879227545 55
1780925888157 4.413979192907468 56
1780925905382 4.349960669438638 57
1780925922512 4.286870644081833 58
1780925939999 4.224695650285539 59
1780925957168 4.163422416811523 60
1780925974238 4.103037864902085 61
1780925991327 4.043529105488401 62
1780926008482 3.9848834364393593 63
1780926025820 3.927088339850287 64
1780926043175 3.8701314793710067 65
1780926060219 3.814000697572651 66
1780926077263 3.7586840133526565 67
1780926094343 3.704169619377402 68
1780926111506 3.650445879561936 69
1780926128614 3.5975013265862588 70
1780926145828 3.5453246594476195 71
1780926162925 3.4939047410483286 72
1780926179996 3.4432305958185405 73
1780926197039 3.39329140737352 74
1780926214079 3.3440765162048933 75
1780926231574 3.2955754174053755 76
1780926248928 3.247777758426494 77
1780926266000 3.200673336868853 78
1780926283112 3.154252098304421 79
1780926300154 3.1085041341304214 80
1780926317180 3.0634196794543445 81
1780926334387 3.0189891110096294 82
1780926352026 2.9752029451015827 83
1780926369302 2.9320518355830854 84
1780926386417 2.88952657185966 85
1780926403622 2.847618076923471 86
1780926420762 2.8063174054158404 87
1780926437844 2.765615741717861 88
1780926455053 2.7255043980687055 89
1780926472221 2.685974812711229 90
1780926489313 2.647018548064459 91
1780926506467 2.6086272889225977 92
1780926523577 2.5707928406801446 93
1780926540661 2.5335071275827574 94
1780926557732 2.4967621910034876 95
1780926574793 2.460550187744007 96
1780926591879 2.424863388360486 97
1780926608977 2.3896941755137417 98
1780926626073 2.3550350423433195 99
1780926643166 2.3208785908651546 100
1780926660213 2.2872175303924758 101
1780926677275 2.254044675979607 102
1780926694351 2.2213529468883464 103
1780926711430 2.189135365076581 104
1780926728516 2.1573850537088264 105
1780926745600 2.1260952356883687 106
1780926762729 2.095259232210693 107
1780926779956 2.064870461337895 108
1780926797011 2.034922436593768 109
1780926814062 2.005408765579266 110
1780926831138 1.9763231486080477 111
1780926848411 1.947659377361809 112
1780926865527 1.9194113335651206 113
1780926882669 1.89157298767948 114
1780926899783 1.8641383976163133 115
1780926916964 1.837101707468633 116
1780926934123 1.8104571462610979 117
1780926951213 1.7841990267182002 118
1780926968298 1.7583217440503172 119
1780926985524 1.7328197747573686 120
1780927002670 1.7076876754498305 121
1780927019786 1.6829200816868415 122
1780927036914 1.6585117068311668 123
1780927053997 1.634457340920764 124
1780927071066 1.6107518495567201 125
1780927088149 1.5873901728073143 126
1780927105238 1.5643673241279759 127
1780927122295 1.5416783892969101 128
1780927139522 1.5193185253661556 129
1780927156616 1.49728295962786 130
1780927173682 1.4755669885955465 131
1780927190743 1.4541659770001534 132
1780927207813 1.4330753568006416 133
1780927225334 1.4122906262089432 134
1780927242571 1.3918073487290572 135
1780927259638 1.3716211522100812 136
1780927276696 1.3517277279129758 137
1780927293947 1.3321228295908647 138
1780927311059 1.3128022725826758 139
1780927328155 1.2937619329199261 140
1780927345231 1.2749977464464604 141
1780927362303 1.2565057079509587 142
1780927379407 1.2382818703120253 143
1780927396496 1.220322343655675 144
1780927413587 1.2026232945250424 145
1780927430685 1.1851809450621307 146
1780927447771 1.1679915722014278 147
1780927464879 1.1510515068752203 148
1780927482778 1.1343571332304312 149
1780927500415 1.1179048878568156 150
1780927517617 1.1016912590263541 151
1780927534699 1.0857127859436735 152
1780927551786 1.0699660580073416 153
1780927568972 1.054447714081874 154
1780927586339 1.039154441780303 155
1780927603555 1.0240829767571449 156
1780927620950 1.0092301020116317 157
1780927638440 0.9945926472010385 158
1780927655523 0.9801674879639771 159
1780927672580 0.9659515452535011 160
1780927689659 0.9519417846798834 161
1780927706737 0.9381352158629274 162
1780927723842 0.9245288917936701 163
1780927741251 0.911119908205345 164
1780927759013 0.8979054029534655 165
1780927776668 0.8848825554049022 166
1780927794011 0.8720485858358176 167
1780927811670 0.8594007548383367 168
1780927828859 0.8469363627358201 169
1780927846658 0.8346527490066185 170
1780927864032 0.8225472917161848 171
1780927881127 0.8106174069574239 172
1780927898209 0.7988605482991564 173
1780927915523 0.7872742062425857 174
1780927932661 0.775855907685644 175
1780927949738 0.7646032153951109 176
1780927966919 0.753513727486385 177
1780927984115 0.7425850769108036 178
1780928001248 0.7318149309503956 179
1780928018395 0.7212009907199641 180
1780928035994 0.7107409906763894 181
1780928053849 0.7004326981350499 182
1780928071775 0.6902739127932553 183
1780928089224 0.6802624662605933 184
1780928106643 0.6703962215960863 185
1780928124291 0.6606730728520628 186
1780928128761 0.6602242813933523 187
