1780924938556 85.57412790697676 1
1780924955783 85.63771802325581 2
1780924972842 85.65588662790698 3
1780924989940 85.59229651162791 4
1780925007083 85.61954941860465 5
1780925024621 85.65588662790698 6
1780925042357 85.68313953488372 7
1780925059626 85.58321220930233 8
1780925076903 85.60138081395348 9
1780925094332 85.53779069767442 10
1780925111510 85.61954941860465 11
1780925128577 85.68313953488372 12
1780925145747 85.55595930232558 13
1780925162990 85.60138081395348 14
1780925180670 85.67405523255815 15
1780925198282 85.64680232558139 16
1780925215674 85.56504360465115 17
1780925232799 85.71039244186046 18
1780925249967 91.12463662790698 19
1780925267022 91.6515261627907 20
1780925284070 92.66896802325581 21
1780925301470 91.53343023255815 22
1780925318562 80.55050872093024 23
1780925336021 86.0828488372093 24
1780925353145 69.71293604651163 25
1780925370271 92.27834302325581 26
1780925387529 90.07085755813954 27
1780925404738 91.31540697674419 28
1780925422189 91.27906976744185 29
1780925439675 90.72492732558139 30
1780925457281 90.51598837209302 31
1780925474380 90.68859011627907 32
1780925491472 92.16933139534885 33
1780925508527 91.57885174418605 34
1780925525591 91.85138081395348 35
1780925542649 90.24345930232558 36
1780925560068 89.85283430232558 37
1780925577595 90.78851744186046 38
1780925594677 91.06104651162791 39
1780925612046 91.66061046511628 40
1780925629198 91.72420058139535 41
1780925646359 92.3873546511628 42
1780925663469 91.11555232558139 43
1780925680751 90.24345930232558 44
1780925698084 88.72638081395348 45
1780925715361 90.98837209302324 46
1780925732589 91.66061046511628 47
1780925749699 90.3797238372093 48
1780925767213 89.31686046511628 49
1780925784429 89.43495639534885 50
1780925801852 89.80741279069767 51
1780925818988 90.79760174418605 52
1780925836196 89.62572674418605 53
1780925853726 92.32376453488372 54
1780925871124 91.19731104651163 55
1780925888156 90.98837209302324 56
1780925905380 91.39716569767442 57
1780925922510 89.6529796511628 58
1780925939991 89.78015988372093 59
1780925957167 91.36991279069767 60
1780925974236 91.50617732558139 61
1780925991325 89.33502906976744 62
1780926008481 89.86191860465115 63
1780926025819 90.4342296511628 64
1780926043174 89.01707848837209 65
1780926060218 89.99818313953489 66
1780926077261 87.89970930232558 67
1780926094342 90.27071220930233 68
1780926111505 90.58866279069767 69
1780926128613 90.85210755813954 70
1780926145827 90.74309593023256 71
1780926162924 90.59774709302324 72
1780926179995 90.79760174418605 73
1780926197038 90.21620639534885 74
1780926214078 90.91569767441861 75
1780926231573 87.41824127906976 76
1780926248927 88.89898255813954 77
1780926265999 89.47129360465115 78
1780926283111 86.9186046511628 79
1780926300152 87.59084302325581 80
1780926317179 90.8157703488372 81
1780926334385 87.27289244186046 82
1780926352025 87.67260174418605 83
1780926369301 88.22674418604652 84
1780926386416 87.37281976744185 85
1780926403621 91.86954941860465 86
1780926420761 87.6998546511628 87
1780926437843 87.93604651162791 88
1780926455052 87.76344476744185 89
1780926472219 86.93677325581395 90
1780926489312 88.04505813953489 91
1780926506466 89.23510174418605 92
1780926523576 87.01853197674419 93
1780926540660 88.04505813953489 94
1780926557730 88.18132267441861 95
1780926574792 87.70893895348837 96
1780926591878 88.36300872093024 97
1780926608975 86.89135174418605 98
1780926626072 86.00109011627907 99
1780926643165 86.99127906976744 100
1780926660212 86.41896802325581 101
1780926677273 86.17369186046511 102
1780926694349 87.00944767441861 103
1780926711429 86.01017441860465 104
1780926728515 83.91170058139535 105
1780926745599 87.6453488372093 106
1780926762728 87.90879360465115 107
1780926779955 86.82776162790698 108
1780926797010 86.328125 109
1780926814060 86.59156976744185 110
1780926831136 86.17369186046511 111
1780926848410 86.26453488372093 112
1780926865526 86.70966569767442 113
1780926882668 87.26380813953489 114
1780926899782 86.42805232558139 115
1780926916963 91.82412790697676 116
1780926934122 89.43495639534885 117
1780926951211 90.47056686046511 118
1780926968296 90.32521802325581 119
1780926985522 87.66351744186046 120
1780927002668 88.88081395348837 121
1780927019784 90.59774709302324 122
1780927036912 87.18204941860465 123
1780927053996 73.66460755813954 124
1780927071065 65.0345203488372 125
1780927088148 90.19803779069767 126
1780927105237 91.52434593023256 127
1780927122294 83.02143895348837 128
1780927139521 83.86627906976744 129
1780927156614 86.01925872093024 130
1780927173680 85.7921511627907 131
1780927190742 88.11773255813954 132
1780927207812 89.62572674418605 133
1780927225332 87.6907703488372 134
1780927242569 86.50072674418605 135
1780927259637 81.8313953488372 136
1780927276695 87.39098837209302 137
1780927293945 86.50981104651163 138
1780927311058 86.56431686046511 139
1780927328153 89.42587209302324 140
1780927345230 88.09956395348837 141
1780927362302 88.07231104651163 142
1780927379406 87.85428779069767 143
1780927396495 88.54469476744185 144
1780927413586 94.15879360465115 145
1780927430684 78.72456395348837 146
1780927447770 87.02761627906976 147
1780927464877 84.9109738372093 148
1780927482777 84.15697674418605 149
1780927500413 83.64825581395348 150
1780927517616 83.06686046511628 151
1780927534697 85.53779069767442 152
1780927551785 80.78670058139535 153
1780927568970 80.84120639534885 154
1780927586338 74.0734011627907 155
1780927603554 84.81104651162791 156
1780927620948 78.14316860465115 157
1780927638439 80.79578488372093 158
1780927655521 79.12427325581395 159
1780927672579 64.47129360465115 160
1780927689658 79.61482558139535 161
1780927706736 75.60864825581395 162
1780927723840 74.31867732558139 163
1780927741249 79.96911337209302 164
1780927759012 80.91388081395348 165
1780927776667 76.7623546511628 166
1780927794009 68.1140988372093 167
1780927811669 72.27470930232558 168
1780927828857 75.67223837209302 169
1780927846657 83.66642441860465 170
1780927864030 82.421875 171
1780927881125 82.44004360465115 172
1780927898208 81.64970930232558 173
1780927915521 87.04578488372093 174
1780927932660 81.33175872093024 175
1780927949736 80.93204941860465 176
1780927966917 80.38699127906976 177
1780927984113 77.11664244186046 178
1780928001247 76.60792151162791 179
1780928018393 82.93059593023256 180
1780928035992 81.31359011627907 181
1780928053847 78.84265988372093 182
1780928071774 74.96366279069767 183
1780928089222 77.52543604651163 184
1780928106642 78.08866279069767 185
1780928124289 81.28633720930233 186
1780928128759 81.54978197674419 187
