1780889091850 0.027269974998805836 1
1780889099459 0.024835078612617825 2
1780889106828 0.026746177155038586 3
1780889114634 0.03221646599147631 4
1780889121990 0.01647191203158835 5
1780889129514 0.019428237624790356 6
1780889137214 0.012623297131579855 7
1780889144575 0.01308847769446995 8
1780889152194 0.009559148679608885 9
1780889159665 0.011011495538379835 10
1780889167052 0.008661044680553934 11
1780889174466 0.010424824512523153 12
1780889181839 0.011010146659353504 13
1780889189342 0.013135996849640556 14
1780889196739 0.013450929652089659 15
1780889204141 0.010829266646633978 16
1780889211701 0.006939980646838312 17
1780889218990 0.007340487578640814 18
1780889226348 0.011067159797834314 19
1780889233798 0.0090803069912869 20
1780889241197 0.005977762134178825 21
1780889248498 0.007310914604560188 22
1780889255853 0.0067870662264201955 23
1780889263578 0.006358271059782609 24
1780889270873 0.0078180607246316 25
1780889278359 0.0075014466824738875 26
1780889285763 0.007847909694132597 27
1780889293160 0.008282681522162064 28
1780889300569 0.006918493820273358 29
1780889307873 0.006498567436052405 30
1780889315231 0.005739328006039495 31
1780889322696 0.006036948898564215 32
1780889330104 0.008566203324691109 33
1780889337405 0.0055396705865859985 34
1780889344757 0.0065929805455000505 35
1780889352222 0.006426043484521949 36
1780889359618 0.018001991769541866 37
1780889367019 0.007292801271314206 38
1780889374320 0.008046835660934448 39
1780889381817 0.007017622823300569 40
1780889389210 0.004448747505312381 41
1780889396601 0.003665218858615212 42
1780889404001 0.007684786034666974 43
1780889408609 0.004082369091718093 44
