1780889091852 0.6602242813933523 1
1780889099462 0.6602242813933523 2
1780889106830 0.6602242813933523 3
1780889114637 0.6602242813933523 4
1780889121993 0.6602242813933523 5
1780889129517 0.6602242813933523 6
1780889137217 0.6602242813933523 7
1780889144577 0.6602242813933523 8
1780889152197 0.6602242813933523 9
1780889159667 0.6602242813933523 10
1780889167055 0.6602242813933523 11
1780889174469 0.6602242813933523 12
1780889181842 0.6602242813933523 13
1780889189345 0.6602242813933523 14
1780889196741 0.6602242813933523 15
1780889204143 0.6602242813933523 16
1780889211703 0.6602242813933523 17
1780889218992 0.6602242813933523 18
1780889226352 0.6602242813933523 19
1780889233802 0.6602242813933523 20
1780889241200 0.6602242813933523 21
1780889248501 0.6602242813933523 22
1780889255857 0.6602242813933523 23
1780889263581 0.6602242813933523 24
1780889270876 0.6602242813933523 25
1780889278363 0.6602242813933523 26
1780889285766 0.6602242813933523 27
1780889293163 0.6602242813933523 28
1780889300572 0.6602242813933523 29
1780889307875 0.6602242813933523 30
1780889315234 0.6602242813933523 31
1780889322699 0.6602242813933523 32
1780889330106 0.6602242813933523 33
1780889337407 0.6602242813933523 34
1780889344760 0.6602242813933523 35
1780889352226 0.6602242813933523 36
1780889359620 0.6602242813933523 37
1780889367022 0.6602242813933523 38
1780889374323 0.6602242813933523 39
1780889381820 0.6602242813933523 40
1780889389213 0.6602242813933523 41
1780889396603 0.6602242813933523 42
1780889404003 0.6602242813933523 43
1780889408611 0.6602242813933523 44
