1780705905416 8.418559439347305 1
1780705908824 7.023291783709919 2
1780705912240 5.859271747679383 3
1780705915656 4.888173020631514 4
1780705919098 4.078021383646073 5
1780705922532 3.4021419322277042 6
1780705925962 2.8382807832835533 7
1780705929382 2.3678723478422845 8
1780705932810 1.9754280438701732 9
1780705936241 1.648026322054359 10
1780705939671 1.3748872132355505 11
1780705943098 1.1470173891168394 12
1780705946614 0.9569140495824869 13
1780705950182 0.7983178868747552 14
1780705953771 0.666006992772487 15
