1780705905415 1.0055582046508789 1
1780705908823 3.8699008941650392 2
1780705912239 48.3660400390625 3
1780705915655 76.30771484375 4
1780705919096 30.636416625976562 5
1780705922531 35.92843322753906 6
1780705925960 22.076011657714844 7
1780705929380 20.492860412597658 8
1780705932808 7.763819885253906 9
1780705936240 7.4026435852050785 10
1780705939670 4.23347282409668 11
1780705943096 4.146596145629883 12
1780705946613 1.635094451904297 13
1780705950180 0.5806621074676513 14
1780705953769 0.4251567363739014 15
