1780706045351 8.418559439347305 1
1780706048787 7.023291783709919 2
1780706052224 5.859271747679383 3
1780706055673 4.888173020631514 4
1780706059108 4.078021383646073 5
1780706062550 3.4021419322277042 6
1780706065990 2.8382807832835533 7
1780706069424 2.3678723478422845 8
1780706072854 1.9754280438701732 9
1780706076285 1.648026322054359 10
1780706079720 1.3748872132355505 11
1780706083207 1.1470173891168394 12
1780706086744 0.9569140495824869 13
1780706090284 0.7983178868747552 14
1780706093920 0.666006992772487 15
