1780706045349 0.6221471786499023 1
1780706048785 3.329621505737305 2
1780706052222 3.335809326171875 3
1780706055672 3.256377029418945 4
1780706059106 3.343401336669922 5
1780706062548 3.281643295288086 6
1780706065988 3.2396167755126952 7
1780706069423 3.387986755371094 8
1780706072852 3.090678596496582 9
1780706076283 2.7134767532348634 10
1780706079718 2.103718566894531 11
1780706083206 1.3706195831298829 12
1780706086742 1.598005199432373 13
1780706090283 0.7420762062072754 14
1780706093918 0.6611276626586914 15
