1780887386654 0.024939086126244587 1
1780887394045 0.020227748414744503 2
1780887401533 0.0273544658785281 3
1780887408926 0.016572325125984524 4
1780887416506 0.012542422698891682 5
1780887423807 0.013842149921085524 6
1780887431292 0.013256504483844923 7
1780887438688 0.011112012293027796 8
1780887445993 0.010922999485679295 9
1780887453485 0.01200716521428979 10
1780887460881 0.011263133391090061 11
1780887468191 0.013630400533261507 12
1780887475684 0.010523566733235899 13
1780887483083 0.019013870021571285 14
1780887490394 0.010865924151047417 15
1780887497896 0.011019639346910559 16
1780887505289 0.010308209968649822 17
1780887512590 0.011813044548034668 18
1780887520082 0.01021936147109322 19
1780887527481 0.00991914259350818 20
1780887534785 0.01002429231353428 21
1780887542289 0.007902196567991505 22
1780887549687 0.007764214406842771 23
1780887556993 0.008599648657052414 24
1780887564482 0.009667267617972 25
1780887571909 0.007078029539274133 26
1780887579217 0.00861465801363406 27
1780887586926 0.007349213180334672 28
1780887594306 0.007673380167587944 29
1780887601612 0.0066987956347672835 30
1780887609104 0.008234091427015222 31
1780887616501 0.008317795136700506 32
1780887623800 0.007435643154641856 33
1780887631305 0.00705920354179714 34
1780887638695 0.006918437455011451 35
1780887645995 0.005880528170129527 36
1780887653469 0.005829039475192194 37
1780887660866 0.00665456121382506 38
1780887668170 0.007813511335331461 39
1780887675662 0.006106939004815143 40
1780887683053 0.00663612653379855 41
1780887690356 0.005887884160746698 42
1780887697854 0.008234086244002632 43
1780887702607 0.00588505682737931 44
