1780887386656 0.6602242813933523 1
1780887394048 0.6602242813933523 2
1780887401536 0.6602242813933523 3
1780887408928 0.6602242813933523 4
1780887416509 0.6602242813933523 5
1780887423809 0.6602242813933523 6
1780887431296 0.6602242813933523 7
1780887438691 0.6602242813933523 8
1780887445996 0.6602242813933523 9
1780887453488 0.6602242813933523 10
1780887460883 0.6602242813933523 11
1780887468193 0.6602242813933523 12
1780887475687 0.6602242813933523 13
1780887483086 0.6602242813933523 14
1780887490396 0.6602242813933523 15
1780887497900 0.6602242813933523 16
1780887505291 0.6602242813933523 17
1780887512592 0.6602242813933523 18
1780887520085 0.6602242813933523 19
1780887527483 0.6602242813933523 20
1780887534788 0.6602242813933523 21
1780887542292 0.6602242813933523 22
1780887549690 0.6602242813933523 23
1780887556995 0.6602242813933523 24
1780887564486 0.6602242813933523 25
1780887571911 0.6602242813933523 26
1780887579220 0.6602242813933523 27
1780887586929 0.6602242813933523 28
1780887594309 0.6602242813933523 29
1780887601615 0.6602242813933523 30
1780887609108 0.6602242813933523 31
1780887616504 0.6602242813933523 32
1780887623803 0.6602242813933523 33
1780887631308 0.6602242813933523 34
1780887638698 0.6602242813933523 35
1780887645998 0.6602242813933523 36
1780887653473 0.6602242813933523 37
1780887660868 0.6602242813933523 38
1780887668173 0.6602242813933523 39
1780887675665 0.6602242813933523 40
1780887683056 0.6602242813933523 41
1780887690359 0.6602242813933523 42
1780887697858 0.6602242813933523 43
1780887702608 0.6602242813933523 44
