1780886006711 9.848269726542963 1
1780886014642 9.69554691708051 2
1780886022473 9.545192468475113 3
1780886030402 9.397169653186413 4
1780886038324 9.251442313229232 5
1780886046141 9.107974851341167 6
1780886054112 8.966732222287131 7
1780886062029 8.82767992429875 8
1780886069859 8.690783990646509 9
1780886077795 8.556010981342592 10
1780886085705 8.423327974972404 11
1780886093525 8.29270256065274 12
1780886101449 8.1641028301147 13
1780886109421 8.03749736990934 14
1780886117272 7.912855253734224 15
1780886125258 7.790146034878961 16
1780886133283 7.669339738787887 17
1780886141188 7.550406855738096 18
1780886149192 7.433318333631008 19
1780886157185 7.3180455708957215 20
1780886165031 7.204560409502424 21
1780886173008 7.092835128084141 22
1780886180960 6.982842435165154 23
1780886188802 6.87455546249443 24
1780886196748 6.767947758482434 25
1780886204686 6.662993281739706 26
1780886212502 6.55966639471567 27
1780886220443 6.457941857436056 28
1780886228361 6.357794821337459 29
1780886236178 6.25920082319751 30
1780886244125 6.162135779159161 31
1780886252103 6.066575978847656 32
1780886259969 5.972498079578718 33
1780886267983 5.879879100656563 34
1780886276002 5.788696417760341 35
1780886283867 5.698927757417613 36
1780886291884 5.610551191563552 37
1780886299861 5.523545132184502 38
1780886307764 5.437888326044607 39
1780886315749 5.353559849494226 40
1780886323725 5.270539103358837 41
1780886331599 5.188805807907229 42
1780886339599 5.108339997897691 43
1780886347584 5.029122017701059 44
1780886355454 4.95113251649937 45
1780886363490 4.87435244355897 46
1780886371482 4.7987630435769475 47
1780886379369 4.724345852099707 48
1780886387370 4.651082691012603 49
1780886395354 4.5789556640995235 50
1780886403233 4.507947152671316 51
1780886411268 4.4380398112620245 52
1780886419208 4.369216563391855 53
1780886427005 4.301460597395853 54
1780886434943 4.234755362317271 55
1780886442838 4.1690845638646055 56
1780886450630 4.104432160431353 57
1780886458566 4.0407823591774665 58
1780886466455 3.978119612171599 59
1780886474261 3.9164286125931587 60
1780886482184 3.8556942909932634 61
1780886490088 3.7959018116136867 62
1780886497886 3.7370365687628744 63
1780886505816 3.679084183248171 64
1780886513704 3.622030498863374 65
1780886521501 3.5658615789307464 66
1780886529438 3.5105637028966696 67
1780886537358 3.456123362980077 68
1780886545154 3.4025272608728665 69
1780886553172 3.349762304491488 70
1780886561134 3.297815604778893 71
1780886568975 3.2466744725560917 72
1780886576964 3.196326415422521 73
1780886584900 3.146759134704496 74
1780886592741 3.09796052245097 75
1780886600702 3.0499186584758893 76
1780886608648 3.002621807446414 77
1780886616463 2.9560584160162904 78
1780886624442 2.910217110003685 79
1780886632393 2.8650866916127704 80
1780886640234 2.8206561366984104 81
1780886648204 2.776914592073261 82
1780886656176 2.7338513728566216 83
1780886664019 2.691455959864414 84
1780886671937 2.649717997039623 85
1780886679823 2.6086272889225977 86
1780886687616 2.5681737981605677 87
1780886695557 2.528347643055795 88
1780886703530 2.489139095151736 89
1780886711378 2.4505385768566454 90
1780886719327 2.4125366591040294 91
1780886727281 2.375124059049373 92
1780886735127 2.338291637802598 93
1780886743088 2.302030398195676 94
1780886751033 2.2663314825848597 95
1780886758880 2.2311861706870033 96
1780886766851 2.196585877449431 97
1780886774830 2.1625221509528396 98
1780886782687 2.1289866703467206 99
1780886790668 2.0959712438168054 100
1780886798650 2.063467806584022 101
1780886806552 2.0314684189344856 102
1780886814550 1.9999652642800456 103
1780886822560 1.9689506472488985 104
1780886830428 1.93841699180582 105
1780886838439 1.9083568394015393 106
1780886846419 1.8787628471508213 107
1780886854280 1.8496277860387949 108
1780886862293 1.8209445391550985 109
1780886870279 1.7927060999554136 110
1780886878146 1.7649055705499526 111
1780886886138 1.7375361600184909 112
1780886894114 1.7105911827515268 113
1780886902002 1.6840640568171705 114
1780886910040 1.6579483023533519 115
1780886918042 1.6322375399849665 116
1780886925931 1.6069254892655662 117
1780886933942 1.5820059671432158 118
1780886941933 1.5574728864501375 119
1780886949818 1.5333202544157831 120
1780886957820 1.5095421712029602 121
1780886965818 1.4861328284666608 122
1780886973717 1.4630865079352384 123
1780886981715 1.4403975800135904 124
1780886989706 1.4180605024079984 125
1780886997588 1.3960698187722942 126
1780887005589 1.3744201573750239 127
1780887013590 1.3531062297872767 128
1780887021490 1.3321228295908647 129
1780887029519 1.3114648311065351 130
1780887037511 1.2911271881419064 131
1780887045399 1.2711049327588173 132
1780887053432 1.2513931740597941 133
1780887061423 1.2319870969933369 134
1780887069328 1.2128819611777322 135
1780887077401 1.1940730997431035 136
1780887085409 1.1755559181914235 137
1780887093402 1.1573258932742008 138
1780887101307 1.1393785718875715 139
1780887109327 1.1217095699845263 140
1780887117323 1.1043145715040072 141
1780887125220 1.0871893273166084 142
1780887133255 1.0703296541866287 143
1780887141276 1.053731433750221 144
1780887149179 1.0373906115093865 145
1780887157202 1.0213031958415684 146
1780887165180 1.0054652570246083 147
1780887173223 0.9898729262768201 148
1780887181405 0.9745223948119512 149
1780887189390 0.9594099129087972 150
1780887197229 0.944531788995248 151
1780887205178 0.9298843887465359 152
1780887213080 0.9154641341974661 153
1780887220886 0.9012675028684185 154
1780887228813 0.8872910269049001 155
1780887236704 0.8735312922304407 156
1780887244504 0.8599849377126272 157
1780887252435 0.846648654342069 158
1780887260326 0.8335191844240964 159
1780887268124 0.8205933207829931 160
1780887276053 0.8078679059785697 161
1780887283943 0.7953398315348872 162
1780887291735 0.7830060371809382 163
1780887299662 0.7708635101031067 164
1780887307566 0.7589092842092183 165
1780887315358 0.7471404394040047 166
1780887323471 0.7355541008758003 167
1780887331345 0.7241474383943072 168
1780887339136 0.7129176656192435 169
1780887347013 0.7018620394197156 170
1780887354923 0.6909778592041466 171
1780887362816 0.6802624662605933 172
1780887370624 0.6697132431072949 173
1780887377961 0.6602242813933523 174
