1780886006709 17.199681821076766 1
1780886014639 44.81262737771739 2
1780886022471 59.71139393682065 3
1780886030399 263.34878141983694 4
1780886038321 30.867646590523098 5
1780886046138 47.38778023097826 6
1780886054109 50.02260423743206 7
1780886062027 54.34240191915761 8
1780886069857 104.1420261548913 9
1780886077792 181.98409901494566 10
1780886085703 265.16782014266306 11
1780886093523 25.939596424932066 12
1780886101447 20.11879697053329 13
1780886109419 69.75570015285327 14
1780886117270 97.29812754755434 15
1780886125256 461.93367866847825 16
1780886133280 33.71315068783967 17
1780886141185 340.34101137907606 18
1780886149189 403.4499405570652 19
1780886157183 136.81251061480978 20
1780886165029 49.67618992017663 21
1780886173006 42.013247282608695 22
1780886180958 107.30123768682066 23
1780886188798 34.99785846212636 24
1780886196746 41.56507409137228 25
1780886204684 45.97568677819294 26
1780886212499 67.31346064028533 27
1780886220440 31.112718665081523 28
1780886228358 146.72005562160325 29
1780886236175 213.88771654211956 30
1780886244122 37.24072796365489 31
1780886252101 68.39578379755434 32
1780886259966 140.37625254755434 33
1780886267981 50.76343304177989 34
1780886275999 149.9605765964674 35
1780886283864 44.24245021654212 36
1780886291881 53.55245308254076 37
1780886299858 44.515078337296195 38
1780886307760 25.304024074388586 39
1780886315747 21.21718564240829 40
1780886323722 88.12312117866848 41
1780886331596 19.99027285368546 42
1780886339597 13.091577944548234 43
1780886347581 12.912839143172555 44
1780886355451 31.926394255264945 45
1780886363487 53.46483313519022 46
1780886371479 21.840639860733695 47
1780886379366 26.38839058254076 48
1780886387367 40.56849471382473 49
1780886395352 82.9992145040761 50
1780886403230 36.06046195652174 51
1780886411263 17.43314262058424 52
1780886419205 38.35071862262228 53
1780886427002 43.21251379925272 54
1780886434941 17.70958941915761 55
1780886442836 46.90048615828805 56
1780886450628 19.393934166949727 57
1780886458563 11.289111593495244 58
1780886466453 20.69776452105978 59
1780886474258 16.16572106402853 60
1780886482181 68.55124830163044 61
1780886490086 30.398257048233695 62
1780886497884 15.839875594429348 63
1780886505813 15.176639722741168 64
1780886513702 70.94602899966033 65
1780886521498 27.45891803243886 66
1780886529435 36.82828422214674 67
1780886537356 31.527895720108695 68
1780886545151 28.45121433423913 69
1780886553170 10.517025491465693 70
1780886561130 35.2369039784307 71
1780886568972 10.980756013289742 72
1780886576962 9.241150565769361 73
1780886584897 39.38502303413723 74
1780886592738 34.206718113111414 75
1780886600699 28.44543987771739 76
1780886608645 13.108577562415082 77
1780886616460 12.852842911430027 78
1780886624439 7.648675006368886 79
1780886632390 5.9416636591372285 80
1780886640231 7.433430547299593 81
1780886648201 10.344240271526834 82
1780886656174 25.60546875 83
1780886664016 5.349325428838315 84
1780886671935 39.17828899881114 85
1780886679820 18.846560270889945 86
1780886687613 5.778348839801291 87
1780886695554 17.290257992951766 88
1780886703528 5.913463426672894 89
1780886711375 62.20235542629076 90
1780886719325 4.089843418287194 91
1780886727279 4.178752401600713 92
1780886735123 4.77898008927055 93
1780886743086 3.426051264223845 94
1780886751031 4.508051001507303 95
1780886758878 3.384760317595109 96
1780886766849 17.899368949558426 97
1780886774828 4.355244843856148 98
1780886782683 3.3316454680069634 99
1780886790665 3.0156429124915083 100
1780886798647 2.7145241447117017 101
1780886806549 2.0330611519191577 102
1780886814547 3.7105500594429346 103
1780886822558 7.863888947860055 104
1780886830425 26.639802352241848 105
1780886838436 11.064314469047215 106
1780886846417 35.32768183169158 107
1780886854278 8.059826394786006 108
1780886862290 6.029564898947011 109
1780886870276 14.451682712720787 110
1780886878143 3.7604260651961616 111
1780886886136 9.48677859099015 112
1780886894111 2.1151476321013076 113
1780886901999 4.230483677076257 114
1780886910038 9.898962269658627 115
1780886918040 1.2065618763799253 116
1780886925929 9.881496263586957 117
1780886933940 15.10940817128057 118
1780886941930 1.9257613472316577 119
1780886949816 2.0680981511655063 120
1780886957817 2.345808277959409 121
1780886965815 2.48712274302607 122
1780886973714 2.9802790102751358 123
1780886981712 4.547699306322181 124
1780886989704 2.304874254309613 125
1780886997585 2.7735602337381113 126
1780887005587 2.8402696692425273 127
1780887013587 3.104234778362772 128
1780887021488 2.908014048700747 129
1780887029516 2.747143455173658 130
1780887037508 1.4098648403001868 131
1780887045396 2.362071659253991 132
1780887053429 2.464024419369905 133
1780887061420 3.184410758640455 134
1780887069325 1.2239637789518938 135
1780887077398 3.4977410357931387 136
1780887085406 1.7147128892981487 137
1780887093399 4.523691260296365 138
1780887101304 3.12914806863536 139
1780887109324 8.497120732846467 140
1780887117321 3.9543878306513247 141
1780887125217 7.154643183169157 142
1780887133252 5.097570668096128 143
1780887141274 4.0634002685546875 144
1780887149175 6.576469753099524 145
1780887157199 7.284867659859035 146
1780887165177 7.605660480001698 147
1780887173220 5.0005035400390625 148
1780887181402 3.1544431603473164 149
1780887189387 4.45551465905231 150
1780887197226 3.2116460385529892 151
1780887205176 12.778097401494565 152
1780887213078 2.904887987219769 153
1780887220883 7.166646542756454 154
1780887228810 5.7650146484375 155
1780887236702 4.441511402959409 156
1780887244501 3.216852602751359 157
1780887252432 8.062198141346807 158
1780887260323 5.069722051205843 159
1780887268121 3.7213828045388926 160
1780887276050 6.685022768766983 161
1780887283941 3.870493681534477 162
1780887291732 6.749327286430027 163
1780887299660 4.4564676699431045 164
1780887307563 6.025103361710258 165
1780887315355 7.958821835725204 166
1780887323468 3.458704409391984 167
1780887331342 3.4565920622452446 168
1780887339133 3.882573666779891 169
1780887347010 4.086436064346977 170
1780887354921 3.880313375721807 171
1780887362814 3.25579833984375 172
1780887370621 2.707599639892578 173
1780887377958 2.7491494883661685 174
