1780900264325 0.6602242813933523 1
1780900272095 0.6602242813933523 2
1780900279700 0.6602242813933523 3
1780900287592 0.6602242813933523 4
1780900295200 0.6602242813933523 5
1780900303097 0.6602242813933523 6
1780900310700 0.6602242813933523 7
1780900318586 0.6602242813933523 8
1780900326357 0.6602242813933523 9
1780900334139 0.6602242813933523 10
1780900341745 0.6602242813933523 11
1780900349404 0.6602242813933523 12
1780900357063 0.6602242813933523 13
1780900364743 0.6602242813933523 14
1780900372386 0.6602242813933523 15
1780900380060 0.6602242813933523 16
1780900387714 0.6602242813933523 17
1780900395383 0.6602242813933523 18
1780900403310 0.6602242813933523 19
1780900410911 0.6602242813933523 20
1780900418571 0.6602242813933523 21
1780900426230 0.6602242813933523 22
1780900433895 0.6602242813933523 23
1780900441553 0.6602242813933523 24
1780900449218 0.6602242813933523 25
1780900456883 0.6602242813933523 26
1780900464553 0.6602242813933523 27
1780900472209 0.6602242813933523 28
1780900479879 0.6602242813933523 29
1780900487534 0.6602242813933523 30
1780900495203 0.6602242813933523 31
1780900502874 0.6602242813933523 32
1780900510528 0.6602242813933523 33
1780900518189 0.6602242813933523 34
1780900525861 0.6602242813933523 35
1780900533524 0.6602242813933523 36
1780900541188 0.6602242813933523 37
1780900548848 0.6602242813933523 38
1780900556514 0.6602242813933523 39
1780900564172 0.6602242813933523 40
1780900571849 0.6602242813933523 41
1780900577739 0.6602242813933523 42
