1780900264323 0.22056742509206137 1
1780900272093 0.03907749056816101 2
1780900279698 0.05438669522603353 3
1780900287589 0.01721481109658877 4
1780900295198 0.022227123379707336 5
1780900303094 0.020032947262128193 6
1780900310699 0.02379005899031957 7
1780900318584 0.01497847338517507 8
1780900326355 0.01611350104212761 9
1780900334137 0.01159746820727984 10
1780900341743 0.01205231249332428 11
1780900349401 0.012333756933609644 12
1780900357060 0.013819692035516104 13
1780900364740 0.033852552374204 14
1780900372384 0.011829836914936701 15
1780900380058 0.016507855306069057 16
1780900387711 0.012721844017505646 17
1780900395380 0.012652125209569931 18
1780900403308 0.009179267411430677 19
1780900410909 0.011515377710262934 20
1780900418569 0.0122086430589358 21
1780900426228 0.013467130561669668 22
1780900433892 0.012956708669662476 23
1780900441550 0.01216398427883784 24
1780900449215 0.16833780209223428 25
1780900456880 0.0101665531595548 26
1780900464551 0.009671591222286224 27
1780900472206 0.00919832723836104 28
1780900479877 0.008037350450952848 29
1780900487531 0.00910740594069163 30
1780900495200 0.008536752313375473 31
1780900502871 0.009038332849740982 32
1780900510526 0.01093976820508639 33
1780900518186 0.0069126977274815244 34
1780900525858 0.009180210530757904 35
1780900533521 0.00821767933666706 36
1780900541186 0.007417260979612668 37
1780900548846 0.00626527580122153 38
1780900556511 0.011313299338022867 39
1780900564170 0.008753914386034012 40
1780900571846 0.00670894980430603 41
1780900577737 0.005642214169104894 42
