1780900264324 92.78971354166666 1
1780900272094 98.47819010416666 2
1780900279699 97.01334635416666 3
1780900287590 99.267578125 4
1780900295199 99.03157552083334 5
1780900303095 99.30826822916666 6
1780900310699 99.25130208333334 7
1780900318585 99.54427083333334 8
1780900326356 99.69075520833334 9
1780900334138 99.71516927083334 10
1780900341744 99.609375 11
1780900349402 99.462890625 12
1780900357061 99.69075520833334 13
1780900364741 98.9501953125 14
1780900372385 99.609375 15
1780900380058 99.37337239583334 16
1780900387712 99.60123697916666 17
1780900395381 99.560546875 18
1780900403308 99.8291015625 19
1780900410910 99.64192708333334 20
1780900418570 99.82096354166666 21
1780900426229 99.609375 22
1780900433893 99.52799479166666 23
1780900441551 99.51171875 24
1780900449216 93.52213541666666 25
1780900456881 99.77213541666666 26
1780900464551 99.82096354166666 27
1780900472207 99.69889322916666 28
1780900479877 99.86165364583334 29
1780900487532 99.62565104166666 30
1780900495201 99.78841145833334 31
1780900502872 99.74772135416666 32
1780900510527 99.62565104166666 33
1780900518187 99.88606770833334 34
1780900525859 99.560546875 35
1780900533522 99.78841145833334 36
1780900541187 99.7314453125 37
1780900548847 99.76399739583334 38
1780900556512 99.658203125 39
1780900564171 99.70703125 40
1780900571847 99.83723958333334 41
1780900577738 99.86165364583334 42
