1780898905157 9.841579852961056 1
1780898913312 9.682379131307965 2
1780898921448 9.525753694330053 3
1780898929589 9.371661883352097 4
1780898937735 9.220062713583685 5
1780898945872 9.070915863218229 6
1780898954012 8.924181662708305 7
1780898962154 8.7798210842145 8
1780898970287 8.637795731224916 9
1780898978425 8.49806782834261 10
1780898986563 8.360600211238228 11
1780898994709 8.225356316765163 12
1780899002848 8.092300173234626 13
1780899010990 7.961396390848025 14
1780899019121 7.832610152284104 15
1780899027263 7.705907203438368 16
1780899035403 7.581253844312289 17
1780899043536 7.458616920049906 18
1780899051677 7.33796381211941 19
1780899059818 7.219262429637389 20
1780899067956 7.102481200833407 21
1780899076104 6.987589064652651 22
1780899084240 6.87455546249443 23
1780899092382 6.76335033008431 24
1780899100524 6.653944089477713 25
1780899108660 6.546307641192893 26
1780899116801 6.440412356471153 27
1780899124934 6.336230069662273 28
1780899133071 6.233733070733107 29
1780899141214 6.132894097897373 30
1780899149355 6.033686330364655 31
1780899157501 5.936083381206708 32
1780899165674 5.840059290339154 33
1780899173796 5.745588517616714 34
1780899181938 5.6526459360401295 35
1780899190075 5.5612068250729765 36
1780899198211 5.471246864066581 37
1780899206354 5.382742125791299 38
1780899214488 5.2956690700724405 39
1780899222626 5.210004537529139 40
1780899230771 5.125725743414496 41
1780899238907 5.042810271555384 42
1780899247042 4.961236068390259 43
1780899255187 4.880981437103451 44
1780899263329 4.802025031854306 45
1780899271473 4.724345852099707 46
1780899279610 4.647923237008414 47
1780899287752 4.572736859965781 48
1780899295888 4.498766723167348 49
1780899304032 4.425993152299895 50
1780899312174 4.354396791308547 51
1780899320320 4.2839585972485095 52
1780899328460 4.214659835220101 53
1780899336600 4.146482073385709 54
1780899344748 4.079407178067353 55
1780899352886 4.0134173089235565 56
1780899361024 3.9484949142042374 57
1780899369160 3.8846227260823536 58
1780899377305 3.821783756061068 59
1780899385440 3.7599612904552107 60
1780899393579 3.6991388859458314 61
1780899401710 3.6393003652066636 62
1780899409858 3.580429812601338 63
1780899418000 3.5225115699501974 64
1780899426141 3.465530232365591 65
1780899434319 3.409470644154537 66
1780899442429 3.354317894787664 67
1780899450574 3.3000573149333627 68
1780899458709 3.2466744725560917 69
1780899466847 3.19415516907779 70
1780899474986 3.142485435601397 71
1780899483130 3.091651529195451 72
1780899491271 3.0416399292387926 73
1780899499413 2.992437333824401 74
1780899507547 2.9440306562213974 75
1780899515689 2.896407021394287 76
1780899523835 2.8495537625784975 77
1780899531971 2.8034584179113207 78
1780899540114 2.7581087271173543 79
1780899548253 2.7134926282475513 80
1780899556400 2.6695982544710306 81
1780899564533 2.6264139309187757 82
1780899572678 2.5839281715783997 83
1780899580816 2.5421296762391314 84
1780899588951 2.5010073274862283 85
1780899597098 2.460550187744007 86
1780899605233 2.4207474963667037 87
1780899613377 2.381588666776398 88
1780899621515 2.34306328364723 89
1780899629662 2.305161100135172 90
1780899637800 2.2678720351526085 91
1780899645945 2.2311861706870033 92
1780899654082 2.1950937491629436 93
1780899662236 2.159585170846853 94
1780899670373 2.1246509912936897 95
1780899678512 2.090281918834948 96
1780899686656 2.056468812107291 97
1780899694802 2.0232026776211645 98
1780899702982 1.990474667368741 99
1780899711100 1.9582760764705573 100
1780899719237 1.9265983408602227 101
1780899727381 1.8954330350065791 102
1780899735514 1.8647718696727058 103
1780899743657 1.834606689711182 104
1780899751787 1.8049294718950066 105
1780899759931 1.7757323227836102 106
1780899768075 1.7470074766233858 107
1780899776214 1.718747293282181 108
1780899784358 1.6909442562172028 109
1780899792499 1.6635909704757947 110
1780899800646 1.636680160728554 111
1780899808784 1.6102046693342644 112
1780899816925 1.5841574544361336 113
1780899825061 1.558531588088824 114
1780899833215 1.5333202544157831 115
1780899841352 1.508516747796381 116
1780899849499 1.4841144710823737 117
1780899857637 1.4601069338432158 118
1780899865788 1.4364877506397602 119
1780899873925 1.4132506393258824 120
1780899882062 1.3903894193775752 121
1780899890196 1.3678980102490768 122
1780899898340 1.3457704297555897 123
1780899906480 1.3240007924821575 124
1780899914614 1.3025833082182867 125
1780899922755 1.2815122804178845 126
1780899930894 1.260782104684113 127
1780899939039 1.2403872672787526 128
1780899947177 1.220322343655675 129
1780899955316 1.200581997018044 130
1780899963456 1.1811609768988531 131
1780899971638 1.1620541177644235 132
1780899979755 1.1432563376404956 133
1780899987894 1.1247626367605421 134
1780899996029 1.1065680962359499 135
1780900004177 1.0886678767477092 136
1780900012317 1.0710572172592707 137
1780900020457 1.053731433750221 138
1780900028601 1.0366859179704444 139
1780900036743 1.0199161362144356 140
1780900044887 1.0034176281154419 141
1780900053150 0.9871860054591111 142
1780900061505 0.9712169510163289 143
1780900069614 0.9555062173949389 144
1780900077953 0.9400496259100339 145
1780900086225 0.9248430654725277 146
1780900094332 0.9098824914956999 147
1780900102484 0.8951639248194314 148
1780900110637 0.8806834506518424 149
1780900118973 0.8664372175280494 150
1780900127084 0.8524214362857664 151
1780900135235 0.8386323790574772 152
1780900143385 0.8250663782789103 153
1780900151544 0.8117198257135532 154
1780900159691 0.7985891714929466 155
1780900167844 0.7856709231725035 156
1780900175995 0.7729616448026004 157
1780900184151 0.7604579560146961 158
1780900192295 0.7481565311222333 159
1780900200457 0.7360540982360848 160
1780900208607 0.7241474383943072 161
1780900216767 0.7124333847059733 162
1780900224914 0.7009088215088541 163
1780900233072 0.6895706835407256 164
1780900241254 0.6784159551240815 165
1780900249554 0.6674416693640335 166
1780900255726 0.6602242813933523 167
