1780898905156 71.3623046875 1
1780898913310 71.3623046875 2
1780898921447 71.3623046875 3
1780898929588 71.30533854166666 4
1780898937733 71.3623046875 5
1780898945871 71.38671875 6
1780898954011 71.32975260416666 7
1780898962152 71.3623046875 8
1780898970286 71.37858072916666 9
1780898978423 71.337890625 10
1780898986562 71.37858072916666 11
1780898994708 71.35416666666666 12
1780899002846 71.3623046875 13
1780899010989 72.1923828125 14
1780899019120 71.34602864583334 15
1780899027262 71.37044270833334 16
1780899035402 71.35416666666666 17
1780899043535 71.32161458333334 18
1780899051675 71.35416666666666 19
1780899059817 71.2890625 20
1780899067955 71.37044270833334 21
1780899076103 71.34602864583334 22
1780899084239 71.39485677083334 23
1780899092380 71.34602864583334 24
1780899100523 71.35416666666666 25
1780899108659 71.35416666666666 26
1780899116800 71.30533854166666 27
1780899124933 71.38671875 28
1780899133070 71.4111328125 29
1780899141212 75.34993489583334 30
1780899149353 75.25227864583334 31
1780899157499 73.86881510416666 32
1780899165673 73.57584635416666 33
1780899173794 73.5595703125 34
1780899181937 72.81901041666666 35
1780899190074 73.0224609375 36
1780899198209 73.15266927083334 37
1780899206352 73.69791666666666 38
1780899214487 73.56770833333334 39
1780899222625 73.8525390625 40
1780899230769 73.4130859375 41
1780899238905 74.20247395833334 42
1780899247041 74.30826822916666 43
1780899255185 73.72233072916666 44
1780899263327 72.98177083333334 45
1780899271471 72.66438802083334 46
1780899279608 72.55045572916666 47
1780899287750 72.13541666666666 48
1780899295886 72.08658854166666 49
1780899304030 72.35514322916666 50
1780899312173 72.18424479166666 51
1780899320319 71.95638020833334 52
1780899328458 72.30631510416666 53
1780899336598 72.72135416666666 54
1780899344746 72.25748697916666 55
1780899352885 72.11100260416666 56
1780899361023 72.20865885416666 57
1780899369159 72.17610677083334 58
1780899377304 72.11100260416666 59
1780899385438 72.01334635416666 60
1780899393577 71.77734375 61
1780899401709 71.85872395833334 62
1780899409857 71.77734375 63
1780899417999 71.79361979166666 64
1780899426139 71.826171875 65
1780899434318 72.06217447916666 66
1780899442427 71.54134114583334 67
1780899450572 71.875 68
1780899458708 71.78548177083334 69
1780899466846 71.8505859375 70
1780899474985 71.66341145833334 71
1780899483128 71.71223958333334 72
1780899491269 71.37858072916666 73
1780899499411 71.45182291666666 74
1780899507546 71.39485677083334 75
1780899515688 71.435546875 76
1780899523834 71.38671875 77
1780899531970 71.41927083333334 78
1780899540113 71.42740885416666 79
1780899548251 71.337890625 80
1780899556398 71.32161458333334 81
1780899564532 71.41927083333334 82
1780899572677 71.32975260416666 83
1780899580814 71.40299479166666 84
1780899588949 71.3623046875 85
1780899597097 71.3623046875 86
1780899605231 71.3134765625 87
1780899613376 71.35416666666666 88
1780899621514 71.32161458333334 89
1780899629660 71.39485677083334 90
1780899637799 71.34602864583334 91
1780899645943 71.41927083333334 92
1780899654081 71.39485677083334 93
1780899662235 71.34602864583334 94
1780899670372 71.3623046875 95
1780899678511 71.4111328125 96
1780899686654 71.3623046875 97
1780899694800 71.35416666666666 98
1780899702981 71.3623046875 99
1780899711099 71.32975260416666 100
1780899719235 71.30533854166666 101
1780899727380 71.39485677083334 102
1780899735513 71.3623046875 103
1780899743656 71.40299479166666 104
1780899751785 71.337890625 105
1780899759929 71.39485677083334 106
1780899768073 71.32161458333334 107
1780899776213 71.42740885416666 108
1780899784357 71.337890625 109
1780899792497 71.37858072916666 110
1780899800644 71.37858072916666 111
1780899808783 71.34602864583334 112
1780899816924 71.32975260416666 113
1780899825060 71.4111328125 114
1780899833213 71.32161458333334 115
1780899841351 71.47623697916666 116
1780899849498 71.37858072916666 117
1780899857636 71.4111328125 118
1780899865786 71.38671875 119
1780899873923 71.39485677083334 120
1780899882060 69.775390625 121
1780899890194 71.39485677083334 122
1780899898338 70.849609375 123
1780899906479 64.66471354166666 124
1780899914612 70.6298828125 125
1780899922754 71.39485677083334 126
1780899930893 71.29720052083334 127
1780899939038 69.482421875 128
1780899947175 67.49674479166666 129
1780899955314 68.35123697916666 130
1780899963454 56.331380208333336 131
1780899971636 69.24641927083334 132
1780899979754 67.97688802083334 133
1780899987893 52.775065104166664 134
1780899996028 58.984375 135
1780900004175 52.278645833333336 136
1780900012315 43.798828125 137
1780900020456 64.76236979166666 138
1780900028599 44.66959635416667 139
1780900036742 39.9658203125 140
1780900044885 63.590494791666664 141
1780900053148 41.3818359375 142
1780900061504 45.93912760416667 143
1780900069613 43.6279296875 144
1780900077952 46.79361979166667 145
1780900086224 49.65006510416667 146
1780900094331 47.1923828125 147
1780900102482 42.98502604166667 148
1780900110636 44.83235677083333 149
1780900118972 56.477864583333336 150
1780900127083 44.91373697916667 151
1780900135234 44.78352864583333 152
1780900143383 49.55240885416667 153
1780900151543 43.4814453125 154
1780900159690 46.5576171875 155
1780900167843 44.96256510416667 156
1780900175993 49.06412760416667 157
1780900184150 55.143229166666664 158
1780900192294 52.1240234375 159
1780900200456 52.3193359375 160
1780900208605 53.572591145833336 161
1780900216765 54.695638020833336 162
1780900224912 52.547200520833336 163
1780900233070 51.896158854166664 164
1780900241252 51.847330729166664 165
1780900249553 56.624348958333336 166
1780900255725 55.623372395833336 167
