1780898905156 9.67652448018392 1
1780898913309 53.68946838378906 2
1780898921446 113.90431722005208 3
1780898929587 79.02032470703125 4
1780898937733 63.01050821940104 5
1780898945870 229.25360107421875 6
1780898954010 448.749755859375 7
1780898962152 163.6491495768229 8
1780898970285 120.1112060546875 9
1780898978423 148.2812703450521 10
1780898986561 204.0519816080729 11
1780898994707 165.5314737955729 12
1780899002845 191.690673828125 13
1780899010988 87.91944376627605 14
1780899019119 198.28985595703125 15
1780899027261 82.83020528157552 16
1780899035401 315.20237223307294 17
1780899043534 222.2106730143229 18
1780899051674 183.7156778971354 19
1780899059816 260.314697265625 20
1780899067954 251.67755126953125 21
1780899076102 184.2410888671875 22
1780899084238 245.37689208984375 23
1780899092379 233.40386962890625 24
1780899100522 296.29736328125 25
1780899108658 269.0082194010417 26
1780899116799 357.6139729817708 27
1780899124932 242.8704630533854 28
1780899133069 230.25506591796875 29
1780899141212 89.84820556640625 30
1780899149353 88.50764973958333 31
1780899157499 126.97505696614583 32
1780899165672 170.97660319010416 33
1780899173794 173.61796061197916 34
1780899181936 199.30851236979166 35
1780899190073 260.4540201822917 36
1780899198208 171.8793741861979 37
1780899206352 239.24003092447916 38
1780899214486 252.1513671875 39
1780899222624 289.16615804036456 40
1780899230769 229.83268229166666 41
1780899238905 227.83744303385416 42
1780899247040 178.1200968424479 43
1780899255184 209.4511515299479 44
1780899263327 299.2371012369792 45
1780899271471 318.52044677734375 46
1780899279608 398.3968505859375 47
1780899287750 444.6558837890625 48
1780899295885 292.4187825520833 49
1780899304029 304.5969645182292 50
1780899312172 283.740234375 51
1780899320318 304.7122802734375 52
1780899328458 251.2107137044271 53
1780899336597 271.14198811848956 54
1780899344745 227.25740559895834 55
1780899352884 307.3011474609375 56
1780899361022 274.5987141927083 57
1780899369158 278.42690022786456 58
1780899377303 283.7371419270833 59
1780899385437 290.10333251953125 60
1780899393577 270.32517496744794 61
1780899401708 327.16339111328125 62
1780899409856 275.06207275390625 63
1780899417998 271.1368001302083 64
1780899426139 220.24129231770834 65
1780899434317 179.3223876953125 66
1780899442427 360.59033203125 67
1780899450572 226.8489990234375 68
1780899458707 235.0553181966146 69
1780899466845 229.52872721354166 70
1780899474984 244.5201212565104 71
1780899483128 247.88057454427084 72
1780899491268 263.6446533203125 73
1780899499411 272.1653645833333 74
1780899507545 253.20977783203125 75
1780899515687 191.8657023111979 76
1780899523833 218.16788736979166 77
1780899531969 220.12874348958334 78
1780899540112 215.231201171875 79
1780899548250 207.09147135416666 80
1780899556398 233.00142415364584 81
1780899564531 268.75514729817706 82
1780899572676 417.3937581380208 83
1780899580814 226.46000162760416 84
1780899588949 247.8964640299479 85
1780899597096 232.41204833984375 86
1780899605230 293.9681396484375 87
1780899613375 163.2402140299479 88
1780899621513 115.2177734375 89
1780899629660 120.7244873046875 90
1780899637798 138.59684244791666 91
1780899645942 174.80448404947916 92
1780899654080 169.98802693684897 93
1780899662234 204.9806111653646 94
1780899670371 138.43071492513022 95
1780899678510 174.10994466145834 96
1780899686653 144.60432942708334 97
1780899694800 140.00831095377603 98
1780899702980 121.49807739257812 99
1780899711098 120.52379353841145 100
1780899719234 124.22732543945312 101
1780899727379 142.2175089518229 102
1780899735512 148.4989217122396 103
1780899743655 127.26601155598958 104
1780899751785 112.76266479492188 105
1780899759929 157.12615966796875 106
1780899768072 141.59113566080728 107
1780899776212 143.91595458984375 108
1780899784356 100.85799153645833 109
1780899792497 93.25060017903645 110
1780899800644 120.52498372395833 111
1780899808782 85.91680908203125 112
1780899816923 79.68011474609375 113
1780899825059 65.55378723144531 114
1780899833212 81.52908833821614 115
1780899841350 66.3947245279948 116
1780899849497 70.8263448079427 117
1780899857635 67.68259684244792 118
1780899865785 64.45328776041667 119
1780899873923 69.65009053548177 120
1780899882060 38.9474131266276 121
1780899890194 55.24811299641927 122
1780899898337 42.24754333496094 123
1780899906478 37.93114471435547 124
1780899914611 54.50758361816406 125
1780899922753 70.94730631510417 126
1780899930892 62.424763997395836 127
1780899939037 53.94866434733073 128
1780899947174 49.153055826822914 129
1780899955313 48.66014607747396 130
1780899963454 35.7598622639974 131
1780899971636 72.54385375976562 132
1780899979753 58.08165486653646 133
1780899987892 45.33765665690104 134
1780899996027 49.46074930826823 135
1780900004175 58.06999715169271 136
1780900012315 33.16900380452474 137
1780900020455 54.090413411458336 138
1780900028599 41.846631368001304 139
1780900036741 24.447372436523438 140
1780900044885 42.681549072265625 141
1780900053148 34.78532918294271 142
1780900061504 34.1239013671875 143
1780900069613 36.32738240559896 144
1780900077951 41.29322814941406 145
1780900086224 33.73038991292318 146
1780900094330 25.28638966878255 147
1780900102481 23.185155232747395 148
1780900110635 25.235333760579426 149
1780900118971 36.317972819010414 150
1780900127082 22.62737274169922 151
1780900135233 21.425554911295574 152
1780900143383 26.80054982503255 153
1780900151542 22.073191324869793 154
1780900159689 22.43646748860677 155
1780900167842 22.37004852294922 156
1780900175993 24.304476420084637 157
1780900184149 31.561228434244793 158
1780900192293 9.455047607421875 159
1780900200455 12.648625691731771 160
1780900208605 10.663085301717123 161
1780900216764 8.24412981669108 162
1780900224912 11.186456044514975 163
1780900233070 12.185929616292318 164
1780900241252 11.32742691040039 165
1780900249552 8.42022450764974 166
1780900255724 8.637859344482422 167
