1780707411939 0.6604486390020734 1
1780707415301 0.6604486390020734 2
1780707418627 0.6604486390020734 3
1780707421850 0.6604486390020734 4
1780707425092 0.6604486390020734 5
1780707428276 0.6604486390020734 6
1780707431500 0.6604486390020734 7
1780707434726 0.6604486390020734 8
1780707438054 0.6604486390020734 9
1780707441436 0.6604486390020734 10
1780707444659 0.6604486390020734 11
1780707447842 0.6604486390020734 12
1780707451305 0.6604486390020734 13
1780707454527 0.6604486390020734 14
1780707457709 0.6604486390020734 15
1780707460938 0.6604486390020734 16
1780707464166 0.6604486390020734 17
1780707467347 0.6604486390020734 18
1780707470572 0.6604486390020734 19
1780707473806 0.6604486390020734 20
1780707476990 0.6604486390020734 21
1780707480393 0.6604486390020734 22
1780707483614 0.6604486390020734 23
1780707486796 0.6604486390020734 24
1780707490187 0.6604486390020734 25
1780707493412 0.6604486390020734 26
1780707496598 0.6604486390020734 27
1780707499826 0.6604486390020734 28
1780707503055 0.6604486390020734 29
1780707506236 0.6604486390020734 30
1780707509477 0.6604486390020734 31
1780707512702 0.6604486390020734 32
1780707515880 0.6604486390020734 33
1780707519097 0.6604486390020734 34
1780707522343 0.6604486390020734 35
1780707525682 0.6604486390020734 36
1780707528902 0.6604486390020734 37
1780707532124 0.6604486390020734 38
1780707535307 0.6604486390020734 39
1780707538534 0.6604486390020734 40
1780707541925 0.6604486390020734 41
1780707545109 0.6604486390020734 42
1780707548329 0.6604486390020734 43
1780707551553 0.6604486390020734 44
1780707554892 0.6604486390020734 45
1780707558116 0.6604486390020734 46
1780707561492 0.6604486390020734 47
1780707564677 0.6604486390020734 48
1780707567899 0.6604486390020734 49
1780707571120 0.6604486390020734 50
