1780707411938 49.23828125 1
1780707415300 49.4140625 2
1780707418626 92.12890625 3
1780707421849 91.73828125 4
1780707425090 54.51171875000001 5
1780707428275 77.265625 6
1780707431498 56.2890625 7
1780707434725 85.52734375 8
1780707438053 95.390625 9
1780707441435 96.73828125 10
1780707444658 90.76171875 11
1780707447841 94.19921875 12
1780707451303 98.06640625 13
1780707454526 94.453125 14
1780707457708 94.86328125 15
1780707460936 91.09375 16
1780707464165 87.51953125 17
1780707467346 92.28515625 18
1780707470570 81.9921875 19
1780707473804 98.22265625 20
1780707476989 88.90625 21
1780707480392 99.453125 22
1780707483613 99.453125 23
1780707486795 98.49609375 24
1780707490186 98.41796875 25
1780707493411 98.76953125 26
1780707496597 98.9453125 27
1780707499825 97.421875 28
1780707503054 98.37890625 29
1780707506235 94.84375 30
1780707509476 98.80859375 31
1780707512701 94.66796875 32
1780707515879 96.796875 33
1780707519096 99.58984375 34
1780707522341 99.4140625 35
1780707525681 99.453125 36
1780707528901 99.39453125 37
1780707532123 89.66796875 38
1780707535306 96.6015625 39
1780707538533 98.26171875 40
1780707541924 99.98046875 41
1780707545108 97.0703125 42
1780707548328 99.765625 43
1780707551552 97.6953125 44
1780707554891 99.94140625 45
1780707558115 100.0 46
1780707561491 100.0 47
1780707564676 100.0 48
1780707567898 100.0 49
1780707571119 100.0 50
