1780707411937 2.116327476501465 1
1780707415300 4.865272903442383 2
1780707418625 0.19450769424438477 3
1780707421848 0.20356669425964355 4
1780707425089 1.3647781372070313 5
1780707428274 0.7073486804962158 6
1780707431498 1.4142476081848145 7
1780707434724 0.4175070285797119 8
1780707438052 0.11916017532348633 9
1780707441434 0.08270906209945679 10
1780707444658 0.2501968860626221 11
1780707447840 0.1559227228164673 12
1780707451303 0.053928148746490476 13
1780707454525 0.1437264323234558 14
1780707457707 0.13612746000289916 15
1780707460935 0.3134454727172852 16
1780707464164 0.46971521377563474 17
1780707467345 0.2016986846923828 18
1780707470570 0.542124080657959 19
1780707473804 0.050390779972076416 20
1780707476988 0.32241196632385255 21
1780707480391 0.01902596205472946 22
1780707483612 0.013508343696594238 23
1780707486794 0.03743542730808258 24
1780707490185 0.04574477672576904 25
1780707493410 0.03509710729122162 26
1780707496596 0.027944940328598022 27
1780707499824 0.06246235966682434 28
1780707503054 0.04748199582099914 29
1780707506235 0.13921321630477906 30
1780707509475 0.0325490802526474 31
1780707512700 0.14449628591537475 32
1780707515878 0.08820728063583375 33
1780707519095 0.011720289289951325 34
1780707522340 0.01659306287765503 35
1780707525680 0.014168304204940797 36
1780707528900 0.017342600226402282 37
1780707532122 0.41584091186523436 38
1780707535306 0.09500224590301513 39
1780707538532 0.04855611622333526 40
1780707541923 0.001840425468981266 41
1780707545107 0.07119949460029602 42
1780707548327 0.007230637222528457 43
1780707551552 0.054427999258041385 44
1780707554890 0.002359272353351116 45
1780707558115 0.0006902197375893593 46
1780707561490 0.0002006199210882187 47
1780707564675 0.0001207521534524858 48
1780707567897 0.00010324020404368639 49
1780707571118 8.201290038414299e-05 50
