1780706726869 9.871720115792458 1
1780706730234 9.73846602312333 2
1780706733598 9.607010669985385 3
1780706736997 9.477329775969402 4
1780706740397 9.349399388416924 5
1780706743792 9.223195877996107 6
1780706747179 9.098695934337265 7
1780706750576 8.97587656172734 8
1780706753972 8.854715074862488 9
1780706757362 8.735189094657999 10
1780706760759 8.617276544114779 11
1780706764157 8.500955644241614 12
1780706767567 8.386204910032514 13
1780706770964 8.273003146498311 14
1780706774379 8.161329444751857 15
1780706777797 8.051163178146055 16
1780706781223 7.942483998464022 17
1780706784615 7.835271832160679 18
1780706788027 7.729506876655075 19
1780706791420 7.625169596672762 20
1780706794816 7.522240720637536 21
1780706798225 7.420701237111888 22
1780706801636 7.320532391285504 23
1780706805030 7.221715681511169 24
1780706808442 7.124232855887427 25
1780706811862 7.028065908887363 26
1780706815252 6.93319707803291 27
1780706818660 6.839608840614027 28
1780706822064 6.747283910452188 29
1780706825456 6.656205234707526 30
1780706828858 6.566355990729111 31
1780706832262 6.477719582947724 32
1780706835676 6.390279639810574 33
1780706839095 6.304020010757405 34
1780706842507 6.218924763237407 35
1780706845906 6.134978179766401 36
1780706849319 6.052164755023752 37
1780706852724 5.970469192988459 38
1780706856125 5.889876404113914 39
1780706859687 5.810371502540789 40
1780706863065 5.731939803347555 41
1780706866488 5.654566819838102 42
1780706869908 5.578238260865986 43
1780706873284 5.502940028194785 44
1780706876714 5.42865821389409 45
1780706880143 5.3553790977706495 46
1780706883521 5.283089144834179 47
1780706886952 5.2117750027973955 48
1780706890383 5.14142349960978 49
1780706893764 5.072021641024648 50
1780706897189 5.003556608199041 51
1780706900615 4.93601575532604 52
1780706903998 4.869386607299015 53
1780706907437 4.8036568574074225 54
1780706910873 4.738814365063698 55
1780706914258 4.674847153560831 56
1780706917688 4.611743407860217 57
1780706921116 4.5494914724093585 58
1780706924508 4.488079848989038 59
1780706927946 4.42749719458954 60
1780706931381 4.367732319315543 61
1780706934772 4.308774184319299 62
1780706938208 4.250611899761707 63
1780706941642 4.193234722800904 64
1780706945043 4.136632055608017 65
1780706948479 4.080793443409698 66
1780706951902 4.025708572557073 67
1780706955296 3.971367268620767 68
1780706958731 3.917759494511639 69
1780706962160 3.8648753486268865 70
1780706965551 3.812705063021173 71
1780706968989 3.7612390016024437 72
1780706972420 3.7104676583520946 73
1780706975804 3.6603816555691675 74
1780706979233 3.610971742138246 75
1780706982665 3.562228791820731 76
1780706986057 3.5141438015691797 77
1780706989500 3.466707889864409 78
1780706992934 3.419912295075029 79
1780706996352 3.373748373839136 80
1780706999776 3.3282075994678406 81
1780707003200 3.283281560370349 82
1780707006591 3.238961958500304 83
1780707010032 3.1952406078230986 84
1780707013455 3.1521094328038766 85
1780707016839 3.1095604669159425 86
1780707020268 3.0675858511693117 87
1780707023698 3.0261778326591147 88
1780707027085 2.9853287631336007 89
1780707030514 2.9450310975814724 90
1780707033939 2.905277392838286 91
1780707037321 2.866060306211664 92
1780707040747 2.827372594125068 93
1780707044177 2.7892071107798735 94
1780707047558 2.7515568068355116 95
1780707050986 2.7144147281074216 96
1780707054411 2.677774014282581 97
1780707057790 2.641627897652374 98
1780707061217 2.605969701862565 99
1780707064646 2.5707928406801446 100
1780707068027 2.5360908167768237 101
1780707071455 2.501857220528944 102
1780707074887 2.4680857288335956 103
1780707078271 2.434770103940705 104
1780707081702 2.401904192300898 105
1780707085125 2.3694819234289097 106
1780707088506 2.33749730878234 107
1780707091940 2.305944440655536 108
1780707095387 2.2748174910884176 109
1780707098776 2.244110710790026 110
1780707102218 2.2138184280766002 111
1780707105648 2.1839350478239923 112
1780707109041 2.1544550504342226 113
1780707112478 2.125372990815985 114
1780707115906 2.096683497378911 115
1780707119298 2.068381271041416 116
1780707122735 2.040461084251931 117
1780707126163 2.0129177800233515 118
1780707129550 1.9857462709805185 119
1780707133020 1.9589415384205564 120
1780707136413 1.932498631385895 121
1780707139847 1.9064126657498048 122
1780707143281 1.8806788233142777 123
1780707146717 1.8552923509200823 124
1780707150147 1.8302485595688336 125
1780707153541 1.805542823556914 126
1780707157002 1.7811705796210842 127
1780707160442 1.7571273260956268 128
1780707163868 1.7334086220808698 129
1780707167299 1.7100100866229295 130
1780707170735 1.68692739790453 131
1780707174168 1.6641562924467443 132
1780707177558 1.6416925643215055 133
1780707180996 1.6195320643747588 134
1780707184389 1.5976706994600895 135
1780707187829 1.5761044316827015 136
1780707191229 1.5548292776535995 137
1780707194666 1.5338413077538373 138
1780707198101 1.5131366454087014 139
1780707201494 1.492711466371688 140
1780707204936 1.4725619980181481 141
1780707208329 1.4526845186484656 142
1780707211769 1.4330753568006416 143
1780707215200 1.4137308905721613 144
1780707218591 1.3946475469510087 145
1780707221989 1.3758218011557162 146
1780707225448 1.3572501759843216 147
1780707228845 1.3389292411721128 148
1780707232238 1.3208556127580404 149
1780707235650 1.3030259524596874 150
1780707239105 1.2854369670566703 151
1780707242499 1.268085407782368 152
1780707245897 1.2509680697238592 153
1780707249301 1.2340817912299593 154
1780707252755 1.2174234533272503 155
1780707256190 1.2009899791439906 156
1780707259580 1.1847783333418045 157
1780707263021 1.1687855215550378 158
1780707266417 1.1530085898376896 159
1780707269885 1.1374446241178007 160
1780707273312 1.1220907496592125 161
1780707276709 1.106944130530591 162
1780707280149 1.0920019690816152 163
1780707283571 1.0772615054262402 164
1780707286962 1.0627200169329323 165
1780707290401 1.0483748177217862 166
1780707293833 1.034223258168432 167
1780707297231 1.0202627244146365 168
1780707300666 1.0064906378855107 169
1780707304206 0.9929044548132366 170
1780707307635 0.9795016657672211 171
1780707311070 0.9662797951905923 172
1780707314469 0.9532364009429528 173
1780707317912 0.9403690738493055 174
1780707321350 0.9276754372550676 175
1780707324744 0.9151531465870912 176
1780707328185 0.902799888920611 177
1780707331781 0.8906133825520347 178
1780707335346 0.8785913765775037 179
1780707338785 0.8667316504771393 180
1780707342368 0.8550320137049032 181
1780707345763 0.8434903052839938 182
1780707349196 0.8321043934077026 183
1780707352842 0.820872175045661 184
1780707356233 0.8097915755554006 185
1780707359662 0.7988605482991564 186
1780707363083 0.788077074265845 187
1780707366608 0.7774391616981419 188
1780707370043 0.766944845724596 189
1780707373484 0.756592187996709 190
1780707376880 0.7463792763309128 191
1780707380352 0.7363042243553806 192
1780707383804 0.7263651711616053 193
1780707387354 0.7165602809606814 194
1780707390793 0.7068877427442262 195
1780707394220 0.6973457699498781 196
1780707397608 0.6879326001313103 197
1780707401043 0.6786464946326989 198
1780707404472 0.6694857382675854 199
1780707407913 0.6604486390020734 200
