1780706726868 84.86328125 1
1780706730233 46.484375 2
1780706733596 45.2734375 3
1780706736995 49.4921875 4
1780706740395 49.39453125 5
1780706743790 49.5703125 6
1780706747178 49.5703125 7
1780706750575 49.62890625 8
1780706753971 49.39453125 9
1780706757361 49.6484375 10
1780706760758 49.47265625 11
1780706764155 49.7265625 12
1780706767566 49.70703125 13
1780706770963 49.55078125 14
1780706774378 49.47265625 15
1780706777795 49.82421875 16
1780706781221 50.15625 17
1780706784614 49.78515625 18
1780706788026 49.35546875 19
1780706791418 49.94140625 20
1780706794814 50.68359375 21
1780706798223 49.921875 22
1780706801635 51.796875 23
1780706805028 52.22656249999999 24
1780706808440 51.81640625 25
1780706811861 52.734375 26
1780706815251 55.6640625 27
1780706818658 51.40625 28
1780706822062 52.85156250000001 29
1780706825455 51.83593749999999 30
1780706828857 56.66015625000001 31
1780706832260 55.91796875 32
1780706835675 55.8203125 33
1780706839094 57.48046875 34
1780706842506 64.8828125 35
1780706845905 68.41796875 36
1780706849318 57.67578125 37
1780706852723 57.20703124999999 38
1780706856124 50.0 39
1780706859686 50.8203125 40
1780706863064 53.06640625 41
1780706866487 50.390625 42
1780706869907 57.94921875 43
1780706873283 56.4453125 44
1780706876712 56.8359375 45
1780706880142 54.12109375000001 46
1780706883520 56.62109374999999 47
1780706886950 64.6875 48
1780706890382 65.09765625 49
1780706893763 61.89453124999999 50
1780706897188 50.390625 51
1780706900614 62.5390625 52
1780706903997 56.0546875 53
1780706907436 56.23046874999999 54
1780706910872 51.42578125 55
1780706914257 63.671875 56
1780706917687 62.71484375000001 57
1780706921115 68.45703125 58
1780706924507 54.8828125 59
1780706927945 58.9453125 60
1780706931380 70.9375 61
1780706934771 52.71484374999999 62
1780706938206 55.93749999999999 63
1780706941641 64.8046875 64
1780706945042 68.0859375 65
1780706948478 55.44921874999999 66
1780706951901 72.28515625 67
1780706955295 52.98828125 68
1780706958730 55.17578125 69
1780706962159 56.6796875 70
1780706965550 49.94140625 71
1780706968988 57.7734375 72
1780706972419 56.71874999999999 73
1780706975803 55.3125 74
1780706979231 58.69140625 75
1780706982664 58.9453125 76
1780706986056 52.61718749999999 77
1780706989498 54.12109375000001 78
1780706992932 57.67578125 79
1780706996351 57.34375000000001 80
1780706999775 51.85546875 81
1780707003199 67.91015625 82
1780707006590 68.06640625 83
1780707010030 61.01562499999999 84
1780707013453 51.19140625000001 85
1780707016838 53.9453125 86
1780707020267 66.328125 87
1780707023697 63.828125 88
1780707027084 69.70703125 89
1780707030512 77.8125 90
1780707033938 69.9609375 91
1780707037320 70.17578125 92
1780707040746 63.4375 93
1780707044176 69.84375 94
1780707047557 68.88671875 95
1780707050984 70.234375 96
1780707054410 64.55078125 97
1780707057789 66.34765625 98
1780707061216 69.86328125 99
1780707064645 65.80078125 100
1780707068026 57.0703125 101
1780707071454 63.4375 102
1780707074886 64.8046875 103
1780707078270 63.26171874999999 104
1780707081700 59.609375 105
1780707085124 61.99218749999999 106
1780707088505 69.62890625 107
1780707091939 69.53125 108
1780707095386 58.49609375 109
1780707098775 66.4453125 110
1780707102217 65.99609375 111
1780707105647 67.65625 112
1780707109039 68.92578125 113
1780707112476 65.68359375 114
1780707115905 66.1328125 115
1780707119297 65.29296875 116
1780707122734 68.8671875 117
1780707126162 64.62890625 118
1780707129549 68.30078125 119
1780707133019 67.5 120
1780707136412 63.0859375 121
1780707139846 69.0234375 122
1780707143280 64.58984375 123
1780707146715 69.2578125 124
1780707150146 66.015625 125
1780707153539 63.73046875 126
1780707157000 65.17578125 127
1780707160440 63.98437500000001 128
1780707163867 64.90234375 129
1780707167298 69.12109375 130
1780707170734 68.7890625 131
1780707174167 67.6953125 132
1780707177557 67.28515625 133
1780707180994 65.56640625 134
1780707184388 66.81640625 135
1780707187827 65.56640625 136
1780707191228 65.13671875 137
1780707194665 69.375 138
1780707198100 66.25 139
1780707201493 62.63671875 140
1780707204935 66.4453125 141
1780707208328 64.58984375 142
1780707211768 68.125 143
1780707215199 67.05078125 144
1780707218590 67.98828125 145
1780707221987 66.30859375 146
1780707225447 65.9765625 147
1780707228843 64.74609375 148
1780707232237 68.45703125 149
1780707235649 65.6640625 150
1780707239103 67.48046875 151
1780707242498 68.69140625 152
1780707245895 67.2265625 153
1780707249299 68.22265625 154
1780707252753 67.55859375 155
1780707256189 68.5546875 156
1780707259579 68.65234375 157
1780707263019 71.484375 158
1780707266416 71.2890625 159
1780707269883 70.0390625 160
1780707273311 68.28125 161
1780707276708 70.8984375 162
1780707280147 70.3125 163
1780707283570 64.0625 164
1780707286961 64.78515625 165
1780707290399 69.21875 166
1780707293832 70.2734375 167
1780707297230 69.66796875 168
1780707300665 68.45703125 169
1780707304205 72.32421875 170
1780707307634 70.44921875 171
1780707311069 69.16015625 172
1780707314467 69.5703125 173
1780707317910 68.4765625 174
1780707321349 67.48046875 175
1780707324743 71.11328125 176
1780707328184 70.80078125 177
1780707331780 72.8125 178
1780707335345 73.53515625 179
1780707338783 72.578125 180
1780707342367 73.96484375 181
1780707345762 71.875 182
1780707349195 71.40625 183
1780707352841 74.74609375 184
1780707356232 73.28125 185
1780707359661 74.04296875 186
1780707363082 72.63671875 187
1780707366607 75.859375 188
1780707370042 73.0078125 189
1780707373483 72.7734375 190
1780707376879 72.71484375 191
1780707380351 72.5390625 192
1780707383803 73.41796875 193
1780707387353 75.29296875 194
1780707390792 72.44140625 195
1780707394219 73.06640625 196
1780707397607 72.65625 197
1780707401042 73.671875 198
1780707404471 72.578125 199
1780707407911 73.57421875 200
