1780706726867 0.47025284767150877 1
1780706730232 8.442218017578124 2
1780706733596 5.220247650146485 3
1780706736994 4.4471698760986325 4
1780706740394 5.226988220214844 5
1780706743789 5.023404693603515 6
1780706747177 6.9858558654785154 7
1780706750574 7.8085693359375 8
1780706753970 6.811137390136719 9
1780706757360 8.47897720336914 10
1780706760757 7.68878173828125 11
1780706764155 7.3346199035644535 12
1780706767565 5.869833374023438 13
1780706770962 5.839867401123047 14
1780706774377 6.815850067138672 15
1780706777795 7.307331085205078 16
1780706781221 5.083951950073242 17
1780706784613 5.8790336608886715 18
1780706788025 8.145542907714844 19
1780706791418 6.078975677490234 20
1780706794814 5.192799758911133 21
1780706798222 6.733439636230469 22
1780706801634 6.42541275024414 23
1780706805027 5.761375427246094 24
1780706808439 7.3419921875 25
1780706811860 6.694728088378906 26
1780706815250 6.1245269775390625 27
1780706818657 6.918354034423828 28
1780706822062 6.483009338378906 29
1780706825454 7.384433746337891 30
1780706828856 6.153092956542968 31
1780706832260 6.827032470703125 32
1780706835674 6.595939636230469 33
1780706839093 5.69842414855957 34
1780706842505 4.660394668579102 35
1780706845904 3.7918792724609376 36
1780706849317 5.106634902954101 37
1780706852722 6.922010803222657 38
1780706856123 9.224147033691406 39
1780706859685 8.629648590087891 40
1780706863063 6.7174537658691404 41
1780706866486 8.219556427001953 42
1780706869906 4.983797073364258 43
1780706873282 6.002300262451172 44
1780706876712 5.725266647338867 45
1780706880141 6.862143707275391 46
1780706883520 6.020688247680664 47
1780706886950 4.698615264892578 48
1780706890382 5.481280517578125 49
1780706893762 5.995691299438477 50
1780706897187 5.900434112548828 51
1780706900613 3.45288200378418 52
1780706903996 4.534918212890625 53
1780706907435 4.836231994628906 54
1780706910871 7.213290405273438 55
1780706914257 5.829848098754883 56
1780706917686 5.79504623413086 57
1780706921114 3.953940200805664 58
1780706924506 6.03729133605957 59
1780706927944 5.412212753295899 60
1780706931379 3.5122085571289063 61
1780706934770 9.763678741455077 62
1780706938206 6.933074188232422 63
1780706941641 5.162484359741211 64
1780706945041 4.712713241577148 65
1780706948477 6.946482086181641 66
1780706951900 3.451973724365234 67
1780706955295 7.5333396911621096 68
1780706958729 4.588771820068359 69
1780706962158 5.3273193359375 70
1780706965549 7.098878479003906 71
1780706968987 4.169291687011719 72
1780706972419 5.8224739074707035 73
1780706975802 6.269844818115234 74
1780706979231 6.677286529541016 75
1780706982663 6.964273071289062 76
1780706986056 8.331596374511719 77
1780706989498 9.32364501953125 78
1780706992932 6.32246208190918 79
1780706996350 6.298069763183594 80
1780706999774 7.906422424316406 81
1780707003199 3.8553211212158205 82
1780707006589 4.123620986938477 83
1780707010030 5.1828773498535154 84
1780707013453 7.162912750244141 85
1780707016837 6.044008255004883 86
1780707020266 3.975870132446289 87
1780707023696 3.9854499816894533 88
1780707027083 2.8140281677246093 89
1780707030512 2.7273902893066406 90
1780707033937 3.9882049560546875 91
1780707037319 2.1054569244384767 92
1780707040745 3.3790939331054686 93
1780707044176 3.736985778808594 94
1780707047557 3.229771041870117 95
1780707050984 3.1436668395996095 96
1780707054409 3.744354248046875 97
1780707057788 3.5265853881835936 98
1780707061215 2.8489585876464845 99
1780707064645 3.2621089935302736 100
1780707068025 5.620107269287109 101
1780707071453 4.120032501220703 102
1780707074886 2.7552988052368166 103
1780707078270 2.7235462188720705 104
1780707081700 2.7001895904541016 105
1780707085123 3.392985153198242 106
1780707088504 2.6773954391479493 107
1780707091938 2.6498435974121093 108
1780707095385 4.836259078979492 109
1780707098774 3.5737579345703123 110
1780707102216 2.566587448120117 111
1780707105647 2.39788875579834 112
1780707109039 2.8236787796020506 113
1780707112476 3.1084674835205077 114
1780707115904 3.5476898193359374 115
1780707119296 4.401491165161133 116
1780707122733 2.604739952087402 117
1780707126162 3.375910186767578 118
1780707129548 3.4010425567626954 119
1780707133018 2.1507123947143554 120
1780707136411 3.1730056762695313 121
1780707139845 2.294977569580078 122
1780707143279 2.6056440353393553 123
1780707146715 3.030685806274414 124
1780707150145 2.7279827117919924 125
1780707153539 3.4077796936035156 126
1780707157000 3.4236591339111326 127
1780707160440 3.019103240966797 128
1780707163866 3.271819305419922 129
1780707167297 3.462960052490234 130
1780707170734 2.7819414138793945 131
1780707174166 2.5806556701660157 132
1780707177556 2.9496984481811523 133
1780707180994 2.9050817489624023 134
1780707184387 2.931474304199219 135
1780707187827 2.635568618774414 136
1780707191227 3.297283935546875 137
1780707194664 2.506800079345703 138
1780707198100 2.6592996597290037 139
1780707201493 3.458174133300781 140
1780707204934 3.0480068206787108 141
1780707208328 3.583797073364258 142
1780707211767 2.528416061401367 143
1780707215198 2.8723472595214843 144
1780707218590 2.4135931015014647 145
1780707221987 2.8821537017822267 146
1780707225446 3.014698600769043 147
1780707228843 3.086642265319824 148
1780707232236 2.4501874923706053 149
1780707235648 3.1030551910400392 150
1780707239102 3.0570810317993162 151
1780707242497 2.432529258728027 152
1780707245894 3.0442033767700196 153
1780707249298 2.7509172439575194 154
1780707252752 3.0277843475341797 155
1780707256189 2.2068622589111326 156
1780707259579 2.7331975936889648 157
1780707263019 2.2580821990966795 158
1780707266416 2.2521129608154298 159
1780707269883 2.448448371887207 160
1780707273310 3.06099853515625 161
1780707276707 1.9812944412231446 162
1780707280147 2.340785026550293 163
1780707283570 2.547040557861328 164
1780707286960 3.259530258178711 165
1780707290399 2.543730926513672 166
1780707293831 2.132086181640625 167
1780707297229 2.3787443161010744 168
1780707300664 2.5953807830810547 169
1780707304204 2.117561149597168 170
1780707307633 2.2830394744873046 171
1780707311069 2.8243524551391603 172
1780707314467 2.519331359863281 173
1780707317910 2.704420471191406 174
1780707321349 2.8153236389160154 175
1780707324742 2.3644376754760743 176
1780707328183 2.373970603942871 177
1780707331779 1.9427305221557618 178
1780707335344 1.9336694717407226 179
1780707338783 2.0045759201049806 180
1780707342366 1.8619199752807618 181
1780707345761 2.1425413131713866 182
1780707349194 2.3621992111206054 183
1780707352841 1.5733898162841797 184
1780707356232 1.773777389526367 185
1780707359660 2.033622932434082 186
1780707363082 2.093543815612793 187
1780707366606 1.8564182281494142 188
1780707370041 1.949264144897461 189
1780707373482 2.31658935546875 190
1780707376878 2.111905097961426 191
1780707380350 2.1794866561889648 192
1780707383802 1.5793124198913575 193
1780707387353 1.7154811859130858 194
1780707390792 2.2521602630615236 195
1780707394218 2.2120275497436523 196
1780707397607 2.0122114181518556 197
1780707401041 1.9388088226318358 198
1780707404470 1.8065011978149415 199
1780707407911 1.8960504531860352 200
