1780709112133 0.6604486390020734 1
1780709115477 0.6604486390020734 2
1780709118784 0.6604486390020734 3
1780709122131 0.6604486390020734 4
1780709125336 0.6604486390020734 5
1780709128509 0.6604486390020734 6
1780709131728 0.6604486390020734 7
1780709135141 0.6604486390020734 8
1780709138314 0.6604486390020734 9
1780709141524 0.6604486390020734 10
1780709144747 0.6604486390020734 11
1780709147923 0.6604486390020734 12
1780709151308 0.6604486390020734 13
1780709154523 0.6604486390020734 14
1780709157726 0.6604486390020734 15
1780709160960 0.6604486390020734 16
1780709164188 0.6604486390020734 17
1780709167374 0.6604486390020734 18
1780709170604 0.6604486390020734 19
1780709173834 0.6604486390020734 20
1780709177171 0.6604486390020734 21
1780709180394 0.6604486390020734 22
1780709183615 0.6604486390020734 23
1780709186801 0.6604486390020734 24
1780709190037 0.6604486390020734 25
1780709193274 0.6604486390020734 26
1780709196458 0.6604486390020734 27
1780709199689 0.6604486390020734 28
1780709202917 0.6604486390020734 29
1780709206104 0.6604486390020734 30
1780709209335 0.6604486390020734 31
1780709212564 0.6604486390020734 32
1780709215751 0.6604486390020734 33
1780709218984 0.6604486390020734 34
1780709222219 0.6604486390020734 35
1780709225413 0.6604486390020734 36
1780709228647 0.6604486390020734 37
1780709231876 0.6604486390020734 38
1780709235060 0.6604486390020734 39
1780709238293 0.6604486390020734 40
1780709241522 0.6604486390020734 41
1780709244713 0.6604486390020734 42
1780709247945 0.6604486390020734 43
1780709251173 0.6604486390020734 44
1780709254358 0.6604486390020734 45
1780709257592 0.6604486390020734 46
1780709260829 0.6604486390020734 47
1780709264015 0.6604486390020734 48
1780709267248 0.6604486390020734 49
1780709270484 0.6604486390020734 50
