1780709112131 3.674486541748047 1
1780709115476 1.0392478942871093 2
1780709118782 0.1673426866531372 3
1780709122129 0.13746086359024048 4
1780709125335 0.897502326965332 5
1780709128508 0.44073991775512694 6
1780709131726 0.5737569808959961 7
1780709135139 0.08867595195770264 8
1780709138313 0.08716820478439331 9
1780709141523 0.5207234859466553 10
1780709144745 0.140011465549469 11
1780709147921 0.4417506217956543 12
1780709151305 0.04734088778495789 13
1780709154521 0.08942843675613403 14
1780709157724 0.08761333227157593 15
1780709160958 0.0571171760559082 16
1780709164186 0.5654721260070801 17
1780709167372 0.12331175804138184 18
1780709170602 0.029195255041122435 19
1780709173832 0.03507017493247986 20
1780709177169 0.04249176979064941 21
1780709180392 0.03550196290016174 22
1780709183614 0.02132599651813507 23
1780709186799 0.015445761382579803 24
1780709190035 0.014326690137386322 25
1780709193272 0.22479264736175536 26
1780709196456 0.14568672180175782 27
1780709199687 0.5387635707855225 28
1780709202915 0.04455569386482239 29
1780709206102 0.018251922726631165 30
1780709209333 0.005671155452728271 31
1780709212563 0.0040786974132061005 32
1780709215749 0.00601801723241806 33
1780709218981 0.022033043205738068 34
1780709222217 0.13089121580123902 35
1780709225411 0.01839381754398346 36
1780709228645 0.11249439716339112 37
1780709231874 0.03649066090583801 38
1780709235059 0.013060526549816131 39
1780709238291 0.004976926743984223 40
1780709241521 0.0048176411539316176 41
1780709244711 0.010643814504146577 42
1780709247943 0.000736687146127224 43
1780709251171 0.0017095759510993957 44
1780709254356 0.012315969169139861 45
1780709257590 0.003024685941636562 46
1780709260827 0.00373753122985363 47
1780709264013 0.00025674840435385704 48
1780709267246 0.00020866538397967815 49
1780709270483 0.00012016469845548272 50
