1780709112132 49.23828125 1
1780709115476 73.28125 2
1780709118783 93.90625 3
1780709122130 94.765625 4
1780709125335 62.8515625 5
1780709128508 84.4921875 6
1780709131727 77.2265625 7
1780709135140 96.93359375 8
1780709138313 96.46484375 9
1780709141523 83.76953125 10
1780709144745 94.35546875 11
1780709147922 86.73828125 12
1780709151306 98.359375 13
1780709154522 96.796875 14
1780709157725 96.4453125 15
1780709160958 97.7734375 16
1780709164186 86.5234375 17
1780709167373 94.9609375 18
1780709170602 98.984375 19
1780709173833 98.73046875 20
1780709177170 98.57421875 21
1780709180393 98.59375 22
1780709183614 99.31640625 23
1780709186800 99.53125 24
1780709190035 99.609375 25
1780709193272 93.18359375 26
1780709196457 95.5078125 27
1780709199688 84.53125 28
1780709202915 98.28125 29
1780709206102 99.4140625 30
1780709209333 99.84375 31
1780709212563 99.90234375 32
1780709215750 99.78515625 33
1780709218982 99.0625 34
1780709222218 95.95703125 35
1780709225412 99.3359375 36
1780709228646 96.1328125 37
1780709231875 98.671875 38
1780709235059 99.51171875 39
1780709238292 99.86328125 40
1780709241521 99.86328125 41
1780709244712 99.58984375 42
1780709247944 99.98046875 43
1780709251172 99.9609375 44
1780709254357 99.55078125 45
1780709257591 99.921875 46
1780709260828 99.90234375 47
1780709264013 100.0 48
1780709267247 100.0 49
1780709270483 100.0 50
