1780708427153 9.871720115792458 1
1780708430586 9.73846602312333 2
1780708433990 9.607010669985385 3
1780708437433 9.477329775969402 4
1780708440862 9.349399388416924 5
1780708444253 9.223195877996107 6
1780708447690 9.098695934337265 7
1780708451119 8.97587656172734 8
1780708454509 8.854715074862488 9
1780708457945 8.735189094657999 10
1780708461376 8.617276544114779 11
1780708464764 8.500955644241614 12
1780708468197 8.386204910032514 13
1780708471631 8.273003146498311 14
1780708475019 8.161329444751857 15
1780708478449 8.051163178146055 16
1780708481883 7.942483998464022 17
1780708485269 7.835271832160679 18
1780708488705 7.729506876655075 19
1780708492137 7.625169596672762 20
1780708495524 7.522240720637536 21
1780708498958 7.420701237111888 22
1780708502393 7.320532391285504 23
1780708505780 7.221715681511169 24
1780708509213 7.124232855887427 25
1780708512645 7.028065908887363 26
1780708516029 6.93319707803291 27
1780708519460 6.839608840614027 28
1780708522894 6.747283910452188 29
1780708526287 6.656205234707526 30
1780708529718 6.566355990729111 31
1780708533148 6.477719582947724 32
1780708536532 6.390279639810574 33
1780708539965 6.304020010757405 34
1780708543400 6.218924763237407 35
1780708546784 6.134978179766401 36
1780708550218 6.052164755023752 37
1780708553654 5.970469192988459 38
1780708557038 5.889876404113914 39
1780708560507 5.810371502540789 40
1780708563930 5.731939803347555 41
1780708567315 5.654566819838102 42
1780708570747 5.578238260865986 43
1780708574180 5.502940028194785 44
1780708577566 5.42865821389409 45
1780708580998 5.3553790977706495 46
1780708584435 5.283089144834179 47
1780708587818 5.2117750027973955 48
1780708591255 5.14142349960978 49
1780708594685 5.072021641024648 50
1780708598074 5.003556608199041 51
1780708601505 4.93601575532604 52
1780708604936 4.869386607299015 53
1780708608322 4.8036568574074225 54
1780708611757 4.738814365063698 55
1780708615187 4.674847153560831 56
1780708618571 4.611743407860217 57
1780708622006 4.5494914724093585 58
1780708625437 4.488079848989038 59
1780708628824 4.42749719458954 60
1780708632258 4.367732319315543 61
1780708635687 4.308774184319299 62
1780708639072 4.250611899761707 63
1780708642505 4.193234722800904 64
1780708645937 4.136632055608017 65
1780708649326 4.080793443409698 66
1780708652760 4.025708572557073 67
1780708656193 3.971367268620767 68
1780708659579 3.917759494511639 69
1780708663017 3.8648753486268865 70
1780708666452 3.812705063021173 71
1780708669839 3.7612390016024437 72
1780708673273 3.7104676583520946 73
1780708676703 3.6603816555691675 74
1780708680091 3.610971742138246 75
1780708683522 3.562228791820731 76
1780708686957 3.5141438015691797 77
1780708690347 3.466707889864409 78
1780708693780 3.419912295075029 79
1780708697245 3.373748373839136 80
1780708700664 3.3282075994678406 81
1780708704083 3.283281560370349 82
1780708707468 3.238961958500304 83
1780708710902 3.1952406078230986 84
1780708714334 3.1521094328038766 85
1780708717719 3.1095604669159425 86
1780708721153 3.0675858511693117 87
1780708724581 3.0261778326591147 88
1780708727968 2.9853287631336007 89
1780708731402 2.9450310975814724 90
1780708734831 2.905277392838286 91
1780708738218 2.866060306211664 92
1780708741649 2.827372594125068 93
1780708745082 2.7892071107798735 94
1780708748472 2.7515568068355116 95
1780708751903 2.7144147281074216 96
1780708755329 2.677774014282581 97
1780708758715 2.641627897652374 98
1780708762151 2.605969701862565 99
1780708765579 2.5707928406801446 100
1780708768970 2.5360908167768237 101
1780708772399 2.501857220528944 102
1780708775831 2.4680857288335956 103
1780708779226 2.434770103940705 104
1780708782662 2.401904192300898 105
1780708786088 2.3694819234289097 106
1780708789474 2.33749730878234 107
1780708792907 2.305944440655536 108
1780708796337 2.2748174910884176 109
1780708799720 2.244110710790026 110
1780708803152 2.2138184280766002 111
1780708806589 2.1839350478239923 112
1780708809980 2.1544550504342226 113
1780708813412 2.125372990815985 114
1780708816841 2.096683497378911 115
1780708820229 2.068381271041416 116
1780708823667 2.040461084251931 117
1780708827098 2.0129177800233515 118
1780708830482 1.9857462709805185 119
1780708833955 1.9589415384205564 120
1780708837380 1.932498631385895 121
1780708840767 1.9064126657498048 122
1780708844205 1.8806788233142777 123
1780708847635 1.8552923509200823 124
1780708851022 1.8302485595688336 125
1780708854453 1.805542823556914 126
1780708857886 1.7811705796210842 127
1780708861274 1.7571273260956268 128
1780708864703 1.7334086220808698 129
1780708868133 1.7100100866229295 130
1780708871519 1.68692739790453 131
1780708874951 1.6641562924467443 132
1780708878384 1.6416925643215055 133
1780708881769 1.6195320643747588 134
1780708885202 1.5976706994600895 135
1780708888637 1.5761044316827015 136
1780708892020 1.5548292776535995 137
1780708895455 1.5338413077538373 138
1780708898891 1.5131366454087014 139
1780708902276 1.492711466371688 140
1780708905704 1.4725619980181481 141
1780708909139 1.4526845186484656 142
1780708912525 1.4330753568006416 143
1780708915955 1.4137308905721613 144
1780708919389 1.3946475469510087 145
1780708922776 1.3758218011557162 146
1780708926204 1.3572501759843216 147
1780708929639 1.3389292411721128 148
1780708933024 1.3208556127580404 149
1780708936450 1.3030259524596874 150
1780708939883 1.2854369670566703 151
1780708943270 1.268085407782368 152
1780708946698 1.2509680697238592 153
1780708950132 1.2340817912299593 154
1780708953519 1.2174234533272503 155
1780708956953 1.2009899791439906 156
1780708960384 1.1847783333418045 157
1780708963771 1.1687855215550378 158
1780708967208 1.1530085898376896 159
1780708970637 1.1374446241178007 160
1780708974054 1.1220907496592125 161
1780708977476 1.106944130530591 162
1780708980861 1.0920019690816152 163
1780708984295 1.0772615054262402 164
1780708987727 1.0627200169329323 165
1780708991113 1.0483748177217862 166
1780708994547 1.034223258168432 167
1780708997979 1.0202627244146365 168
1780709001368 1.0064906378855107 169
1780709004901 0.9929044548132366 170
1780709008463 0.9795016657672211 171
1780709011847 0.9662797951905923 172
1780709015271 0.9532364009429528 173
1780709018694 0.9403690738493055 174
1780709022082 0.9276754372550676 175
1780709025515 0.9151531465870912 176
1780709028943 0.902799888920611 177
1780709032333 0.8906133825520347 178
1780709035762 0.8785913765775037 179
1780709039195 0.8667316504771393 180
1780709042725 0.8550320137049032 181
1780709046146 0.8434903052839938 182
1780709049714 0.8321043934077026 183
1780709053240 0.820872175045661 184
1780709056657 0.8097915755554006 185
1780709060213 0.7988605482991564 186
1780709063599 0.788077074265845 187
1780709067018 0.7774391616981419 188
1780709070443 0.766944845724596 189
1780709073830 0.756592187996709 190
1780709077417 0.7463792763309128 191
1780709080847 0.7363042243553806 192
1780709084234 0.7263651711616053 193
1780709087667 0.7165602809606814 194
1780709091093 0.7068877427442262 195
1780709094623 0.6973457699498781 196
1780709098038 0.6879326001313103 197
1780709101456 0.6786464946326989 198
1780709104992 0.6694857382675854 199
1780709108441 0.6604486390020734 200
