1780708427152 85.1953125 1
1780708430585 49.4140625 2
1780708433988 49.74609375 3
1780708437432 49.4921875 4
1780708440860 49.39453125 5
1780708444252 49.5703125 6
1780708447688 49.5703125 7
1780708451118 49.62890625 8
1780708454508 49.39453125 9
1780708457943 49.6484375 10
1780708461375 49.47265625 11
1780708464763 49.7265625 12
1780708468196 49.70703125 13
1780708471630 49.53125 14
1780708475018 49.47265625 15
1780708478448 49.47265625 16
1780708481882 49.39453125 17
1780708485268 49.609375 18
1780708488704 49.375 19
1780708492136 49.5703125 20
1780708495523 49.5703125 21
1780708498957 49.453125 22
1780708502392 49.5703125 23
1780708505779 49.47265625 24
1780708509211 49.78515625 25
1780708512644 49.43359375 26
1780708516028 49.4921875 27
1780708519459 49.35546875 28
1780708522893 49.74609375 29
1780708526286 49.62890625 30
1780708529717 49.39453125 31
1780708533146 49.453125 32
1780708536531 49.6484375 33
1780708539963 49.53125 34
1780708543399 49.98046875 35
1780708546782 49.4921875 36
1780708550216 49.82421875 37
1780708553653 49.70703125 38
1780708557037 49.9609375 39
1780708560506 49.62890625 40
1780708563929 49.58984375 41
1780708567314 49.31640625 42
1780708570746 51.97265625000001 43
1780708574179 49.31640625 44
1780708577565 49.453125 45
1780708580997 52.07031250000001 46
1780708584434 52.5 47
1780708587817 53.10546874999999 48
1780708591254 50.33203125 49
1780708594684 52.34375 50
1780708598072 52.36328125000001 51
1780708601504 49.39453125 52
1780708604935 52.5 53
1780708608321 52.87109375 54
1780708611756 49.51171875 55
1780708615186 52.61718749999999 56
1780708618570 49.51171875 57
1780708622005 50.70312500000001 58
1780708625436 53.20312499999999 59
1780708628823 52.65625000000001 60
1780708632256 49.62890625 61
1780708635686 50.87890625 62
1780708639071 52.6953125 63
1780708642504 49.86328125 64
1780708645936 51.66015625 65
1780708649325 49.55078125 66
1780708652758 49.8828125 67
1780708656192 49.51171875 68
1780708659578 51.48437500000001 69
1780708663016 50.05859375 70
1780708666451 50.33203125 71
1780708669838 49.84375 72
1780708673272 49.62890625 73
1780708676702 50.25390625 74
1780708680090 49.78515625 75
1780708683521 49.55078125 76
1780708686956 50.234375 77
1780708690346 49.47265625 78
1780708693779 49.2578125 79
1780708697243 49.08203125 80
1780708700663 49.5703125 81
1780708704082 50.9375 82
1780708707467 52.75390625000001 83
1780708710901 50.234375 84
1780708714332 49.6484375 85
1780708717718 49.765625 86
1780708721152 47.8515625 87
1780708724580 48.6328125 88
1780708727967 52.109375 89
1780708731400 50.78125 90
1780708734830 44.9609375 91
1780708738216 49.0234375 92
1780708741647 49.5703125 93
1780708745080 52.6953125 94
1780708748471 50.7421875 95
1780708751902 50.85937499999999 96
1780708755328 46.5234375 97
1780708758714 50.27343749999999 98
1780708762150 51.24999999999999 99
1780708765578 48.69140625 100
1780708768969 49.74609375 101
1780708772398 39.19921875 102
1780708775830 36.62109375 103
1780708779225 45.703125 104
1780708782661 44.7265625 105
1780708786087 47.71484375 106
1780708789473 42.16796875 107
1780708792906 47.03125 108
1780708796336 40.80078125 109
1780708799719 46.50390625 110
1780708803151 44.19921875 111
1780708806588 51.24999999999999 112
1780708809979 48.26171875 113
1780708813410 48.26171875 114
1780708816840 45.25390625 115
1780708820228 38.515625 116
1780708823666 38.10546875 117
1780708827097 41.8359375 118
1780708830481 46.484375 119
1780708833954 53.33984375000001 120
1780708837379 48.1640625 121
1780708840766 48.4375 122
1780708844204 44.5703125 123
1780708847634 48.88671875 124
1780708851021 50.390625 125
1780708854452 48.8671875 126
1780708857885 45.7421875 127
1780708861273 42.01171875 128
1780708864702 46.015625 129
1780708868132 44.3359375 130
1780708871518 52.1875 131
1780708874950 51.66015625 132
1780708878383 50.5859375 133
1780708881768 50.01953125000001 134
1780708885201 54.23828125 135
1780708888636 50.87890625 136
1780708892019 54.02343750000001 137
1780708895454 52.87109375 138
1780708898890 56.07421875000001 139
1780708902275 48.28125 140
1780708905703 57.48046875 141
1780708909137 54.39453125 142
1780708912524 61.64062500000001 143
1780708915954 55.99609375 144
1780708919388 59.47265625 145
1780708922775 58.02734375000001 146
1780708926203 52.22656249999999 147
1780708929638 55.78125000000001 148
1780708933023 62.65625 149
1780708936448 50.625 150
1780708939882 57.92968750000001 151
1780708943268 64.6484375 152
1780708946696 60.66406250000001 153
1780708950131 62.22656250000001 154
1780708953518 57.578125 155
1780708956952 63.046875 156
1780708960383 58.1640625 157
1780708963770 58.80859375000001 158
1780708967207 58.828125 159
1780708970635 68.203125 160
1780708974053 59.06249999999999 161
1780708977474 55.859375 162
1780708980860 67.6953125 163
1780708984294 58.84765625 164
1780708987726 59.8046875 165
1780708991112 69.8828125 166
1780708994545 55.48828125000001 167
1780708997977 64.1796875 168
1780709001367 62.4609375 169
1780709004900 68.203125 170
1780709008462 70.80078125 171
1780709011845 69.35546875 172
1780709015270 66.5234375 173
1780709018693 63.55468749999999 174
1780709022081 63.2421875 175
1780709025513 66.640625 176
1780709028942 66.71875 177
1780709032332 67.03125 178
1780709035761 68.88671875 179
1780709039194 67.890625 180
1780709042724 70.15625 181
1780709046145 67.6171875 182
1780709049713 71.2890625 183
1780709053239 70.56640625 184
1780709056656 69.23828125 185
1780709060212 72.5 186
1780709063598 68.96484375 187
1780709067017 71.1328125 188
1780709070442 69.921875 189
1780709073829 71.9140625 190
1780709077416 71.89453125 191
1780709080845 66.66015625 192
1780709084233 74.3359375 193
1780709087665 71.23046875 194
1780709091092 68.984375 195
1780709094622 73.37890625 196
1780709098037 73.57421875 197
1780709101455 55.234375 198
1780709104991 74.21875 199
1780709108440 69.08203125 200
