1780708427152 1.6533967971801757 1
1780708430585 3.5970630645751953 2
1780708433988 3.67926025390625 3
1780708437431 5.447833251953125 4
1780708440860 5.860461044311523 5
1780708444252 6.917676544189453 6
1780708447688 7.2693534851074215 7
1780708451118 6.430706024169922 8
1780708454508 6.928205108642578 9
1780708457943 6.810983276367187 10
1780708461374 6.817059326171875 11
1780708464762 6.974060821533203 12
1780708468195 7.344482421875 13
1780708471629 8.006520843505859 14
1780708475017 7.4096214294433596 15
1780708478447 6.687595367431641 16
1780708481881 5.638726806640625 17
1780708485267 5.766554641723633 18
1780708488703 5.052721405029297 19
1780708492136 5.313893890380859 20
1780708495523 5.289724731445313 21
1780708498956 6.840083312988281 22
1780708502392 6.049312591552734 23
1780708505778 6.885334014892578 24
1780708509211 7.024710083007813 25
1780708512643 7.612164306640625 26
1780708516027 7.289698791503906 27
1780708519458 7.505493927001953 28
1780708522892 7.690605163574219 29
1780708526286 6.771315002441407 30
1780708529716 6.477436828613281 31
1780708533146 7.987921142578125 32
1780708536530 5.948402404785156 33
1780708539963 6.337422180175781 34
1780708543398 5.9640148162841795 35
1780708546782 5.764946365356446 36
1780708550215 6.08595085144043 37
1780708553652 6.022306823730469 38
1780708557036 5.6372638702392575 39
1780708560505 6.590496063232422 40
1780708563928 6.774192047119141 41
1780708567314 6.792584991455078 42
1780708570745 5.199472808837891 43
1780708574178 6.785941314697266 44
1780708577565 6.768710327148438 45
1780708580996 5.334423828125 46
1780708584433 5.29778823852539 47
1780708587817 5.21380500793457 48
1780708591253 5.967966461181641 49
1780708594683 5.063816070556641 50
1780708598072 5.155203628540039 51
1780708601503 6.73419189453125 52
1780708604934 4.967804336547852 53
1780708608321 5.707623672485352 54
1780708611755 8.55240478515625 55
1780708615185 4.681954193115234 56
1780708618570 10.916963195800781 57
1780708622004 5.355776596069336 58
1780708625435 5.484539794921875 59
1780708628822 6.159248733520508 60
1780708632256 7.066958618164063 61
1780708635685 5.4500377655029295 62
1780708639070 4.754433059692383 63
1780708642503 6.537906646728516 64
1780708645936 4.781722640991211 65
1780708649324 5.791938018798828 66
1780708652758 5.780914688110352 67
1780708656191 6.652566528320312 68
1780708659578 5.349863052368164 69
1780708663015 4.93922119140625 70
1780708666450 4.8367866516113285 71
1780708669838 5.644091033935547 72
1780708673271 6.936968994140625 73
1780708676702 5.17564811706543 74
1780708680090 5.957129669189453 75
1780708683520 6.693887329101562 76
1780708686955 5.461618041992187 77
1780708690346 6.163046646118164 78
1780708693778 6.035115051269531 79
1780708697243 6.021839141845703 80
1780708700662 7.188844299316406 81
1780708704082 5.229907989501953 82
1780708707466 4.466053009033203 83
1780708710900 4.958773040771485 84
1780708714332 5.520100402832031 85
1780708717717 5.441782379150391 86
1780708721151 4.139810562133789 87
1780708724579 4.369065856933593 88
1780708727967 3.7696704864501953 89
1780708731400 3.12756404876709 90
1780708734830 4.829114532470703 91
1780708738216 3.7166873931884767 92
1780708741647 5.024577713012695 93
1780708745080 3.683941650390625 94
1780708748470 4.706717300415039 95
1780708751901 4.4511360168457035 96
1780708755327 4.2781414031982425 97
1780708758713 5.614994812011719 98
1780708762149 4.776284027099609 99
1780708765578 4.557542419433593 100
1780708768968 4.9334461212158205 101
1780708772397 3.4169246673583986 102
1780708775830 4.994911956787109 103
1780708779224 4.057793045043946 104
1780708782660 4.686816787719726 105
1780708786087 4.5716197967529295 106
1780708789472 4.256716537475586 107
1780708792905 4.150519943237304 108
1780708796336 4.501844787597657 109
1780708799719 4.021302795410156 110
1780708803150 4.526695632934571 111
1780708806588 3.455815887451172 112
1780708809978 3.5962657928466797 113
1780708813410 4.344048309326172 114
1780708816839 4.265359878540039 115
1780708820228 5.4627685546875 116
1780708823665 5.202788543701172 117
1780708827096 4.295676040649414 118
1780708830481 4.79775390625 119
1780708833953 3.5006011962890624 120
1780708837379 4.321359634399414 121
1780708840766 3.983002471923828 122
1780708844203 4.336661148071289 123
1780708847634 4.027614974975586 124
1780708851020 4.189065933227539 125
1780708854451 4.643799209594727 126
1780708857884 5.007597732543945 127
1780708861272 4.678709411621094 128
1780708864701 5.032753372192383 129
1780708868131 4.7728126525878904 130
1780708871518 3.7159534454345704 131
1780708874949 4.145328140258789 132
1780708878382 4.1484519958496096 133
1780708881767 4.169403076171875 134
1780708885200 4.087666320800781 135
1780708888635 4.0390380859375 136
1780708892018 4.629604339599609 137
1780708895453 3.823028564453125 138
1780708898890 3.7727275848388673 139
1780708902274 4.816485595703125 140
1780708905702 3.776912307739258 141
1780708909137 4.498180389404297 142
1780708912523 2.9482677459716795 143
1780708915953 3.99571533203125 144
1780708919388 3.1619342803955077 145
1780708922775 3.589959716796875 146
1780708926202 4.176503372192383 147
1780708929637 4.06005630493164 148
1780708933023 2.8807565689086916 149
1780708936448 4.608412170410157 150
1780708939881 3.655715560913086 151
1780708943268 2.959207534790039 152
1780708946696 4.032493209838867 153
1780708950130 3.624463653564453 154
1780708953517 3.9809139251708983 155
1780708956951 3.3012016296386717 156
1780708960382 4.436856079101562 157
1780708963769 3.820568084716797 158
1780708967206 3.8286460876464843 159
1780708970635 2.8063831329345703 160
1780708974052 4.089707565307617 161
1780708977474 4.241325378417969 162
1780708980860 2.3188377380371095 163
1780708984293 4.225173568725586 164
1780708987725 3.341561508178711 165
1780708991111 2.641384315490723 166
1780708994545 4.135478591918945 167
1780708997977 3.421150970458984 168
1780709001366 3.6938236236572264 169
1780709004899 2.7385652542114256 170
1780709008462 2.5634387969970702 171
1780709011845 2.983616828918457 172
1780709015269 3.3017086029052733 173
1780709018692 3.6866100311279295 174
1780709022080 3.312743377685547 175
1780709025513 3.085378074645996 176
1780709028942 3.359761428833008 177
1780709032332 3.3490596771240235 178
1780709035760 2.8812816619873045 179
1780709039194 2.6755142211914062 180
1780709042724 2.607132339477539 181
1780709046145 2.9631591796875 182
1780709049712 2.356915283203125 183
1780709053239 1.9893585205078126 184
1780709056655 2.282828521728516 185
1780709060211 2.1304468154907226 186
1780709063597 2.813968467712402 187
1780709067016 2.3579051971435545 188
1780709070441 2.4624296188354493 189
1780709073829 2.408845138549805 190
1780709077415 1.8918516159057617 191
1780709080845 2.5302539825439454 192
1780709084232 1.7493251800537108 193
1780709087664 2.058365821838379 194
1780709091091 2.300226020812988 195
1780709094621 1.9725517272949218 196
1780709098037 1.8494815826416016 197
1780709101454 3.514211654663086 198
1780709104990 1.4287081718444825 199
1780709108439 2.0553680419921876 200
