1780705765345 2.3487266540527343 1
1780705768771 0.7640571594238281 2
1780705772208 17.165603637695312 3
1780705775635 23.191181945800782 4
1780705779058 15.912081909179687 5
1780705782476 14.306484985351563 6
1780705785902 12.549673461914063 7
1780705789327 8.766164398193359 8
1780705792747 4.795203399658203 9
1780705796167 4.053504562377929 10
1780705799592 3.3339534759521485 11
1780705803017 2.7462011337280274 12
1780705806533 0.8657613754272461 13
1780705810101 0.8913213729858398 14
1780705813666 0.5110546112060547 15
