1780924170249 0.028229810470758482 1
1780924186403 0.030869292658428815 2
1780924203056 0.01692910388458607 3
1780924220069 0.010792384313982587 4
1780924237003 0.011997233989626863 5
1780924254017 0.01142018340354742 6
1780924271043 0.00883277696232463 7
1780924287730 0.008450144252111746 8
1780924303927 0.008722266485524733 9
1780924320434 0.009885013796562371 10
1780924337275 0.010365558918132338 11
1780924353870 0.008302467506985331 12
1780924370137 0.007620132939760075 13
1780924386276 0.00830904758253763 14
1780924402616 0.006988454003666722 15
1780924418793 0.008096326229184173 16
1780924434986 0.008223924525948457 17
1780924451132 0.008073807455772576 18
1780924467259 0.007924294748971628 19
1780924483410 0.01061026509418044 20
1780924499490 0.006899299316628035 21
1780924515563 0.005288671962050504 22
1780924531847 0.006427516077840051 23
1780924548117 0.011964308661083842 24
1780924564236 0.01315731919089029 25
1780924580423 0.007041926993880161 26
1780924596553 0.008244829122410265 27
1780924612655 0.008145242236381354 28
1780924628830 0.007825412029443785 29
1780924645016 0.006442328525144 30
1780924661371 0.008099185172901598 31
1780924677572 0.006426877060601878 32
1780924693874 0.005794758020445358 33
1780924710348 0.006102507197579672 34
1780924726461 0.0055060944584913035 35
1780924742622 0.00620124991550002 36
1780924758803 0.008132517337799072 37
1780924774918 0.006162818781165189 38
1780924791074 0.005742817077525827 39
1780924807260 0.005738698812418206 40
1780924823859 0.01092425127362096 41
1780924840077 0.011418000210163206 42
1780924857056 0.006598931412364162 43
1780924873404 0.004560925586279048 44
1780924889529 0.00517688934193101 45
1780924905735 0.006036551885826643 46
1780924915844 0.006004639836244805 47
