1780918563469 9.85831306441073 1
1780918580402 9.715332180565344 2
1780918597330 9.5744250321564 3
1780918614254 9.435561542585232 4
1780918834821 9.298712071471687 5
1780918851738 9.163847408327388 6
1780918868676 9.030938766320775 7
1780918886892 8.899957776132542 8
1780918903808 8.770876479900233 9
1780918920730 8.643667325250629 10
1780919968415 8.518303159418704 11
1780919985331 8.394757223451876 12
1780920010260 8.273003146498311 13
1780920027197 8.153014940178076 14
1780920044121 8.034766993035916 15
1780920061033 7.918234065074507 16
1780920077967 7.803391282366969 17
1780920094898 7.690214131747549 18
1780920111821 7.578678455579279 19
1780920128746 7.468760446597539 20
1780920147858 7.3604366428283985 21
1780920168874 7.25368392258067 22
1780920347664 7.148479499510581 23
1780920364583 7.044800917758041 24
1780920426196 6.942626047153438 25
1780920443121 6.841933078493963 26
1780920460044 6.742700518888441 27
1780920485880 6.64490718716967 28
1780920502815 6.548532209373317 29
1780920519752 6.45355501428237 30
1780920540913 6.359955329036213 31
1780920559981 6.267713174803395 32
1780920580686 6.176808862517151 33
1780920889430 6.08722298867277 34
1780920906357 5.998936431185928 35
1780920923290 5.911930345311081 36
1780921153135 5.8261861596190565 37
1780921170048 5.741685572032992 38
1780921378574 5.658410545921752 39
1780921415098 5.576343306250022 40
1780921434129 5.495466335784225 41
1780921452589 5.415762371353475 42
1780921472303 5.337214400164756 43
1780921493086 5.2598056561715465 44
1780921522808 5.183519616495111 45
1780921549538 5.108339997897691 46
1780921575188 5.034250753306856 47
1780921601329 4.961236068390259 48
1780921625310 4.889280358180072 49
1780921648226 4.818368263746372 50
1780921668945 4.7484846489187875 51
1780921688698 4.6796145970556875 52
1780921707956 4.611743407860217 53
1780921728014 4.544856594242536 54
1780921747869 4.478939879227545 55
1780921767106 4.413979192907468 56
1780921786247 4.349960669438638 57
1780921805192 4.286870644081833 58
1780921824229 4.224695650285539 59
1780921843362 4.163422416811523 60
1780921862649 4.103037864902085 61
1780921881877 4.043529105488401 62
1780921900985 3.9848834364393593 63
1780921920521 3.927088339850287 64
1780921940061 3.8701314793710067 65
1780921959374 3.814000697572651 66
1780921979531 3.7586840133526565 67
1780921998905 3.704169619377402 68
1780922018527 3.650445879561936 69
1780922038349 3.5975013265862588 70
1780922057151 3.5453246594476195 71
1780922075996 3.4939047410483286 72
1780922094790 3.4432305958185405 73
1780922114491 3.39329140737352 74
1780922134300 3.3440765162048933 75
1780922154079 3.2955754174053755 76
1780922173057 3.247777758426494 77
1780922192000 3.200673336868853 78
1780922210924 3.154252098304421 79
1780922229829 3.1085041341304214 80
1780922249207 3.0634196794543445 81
1780922270538 3.0189891110096294 82
1780922290209 2.9752029451015827 83
1780922309415 2.9320518355830854 84
1780922328475 2.88952657185966 85
1780922347881 2.847618076923471 86
1780922369216 2.8063174054158404 87
1780922389338 2.765615741717861 88
1780922408666 2.7255043980687055 89
1780922428247 2.685974812711229 90
1780922447475 2.647018548064459 91
1780922466492 2.6086272889225977 92
1780922485414 2.5707928406801446 93
1780922504415 2.5335071275827574 94
1780922523343 2.4967621910034876 95
1780922542168 2.460550187744007 96
1780922560874 2.424863388360486 97
1780922579720 2.3896941755137417 98
1780922598632 2.3550350423433195 99
1780922617913 2.3208785908651546 100
1780922636686 2.2872175303924758 101
1780922655539 2.254044675979607 102
1780922674333 2.2213529468883464 103
1780922693198 2.189135365076581 104
1780922712014 2.1573850537088264 105
1780922730880 2.1260952356883687 106
1780922749785 2.095259232210693 107
1780922768548 2.064870461337895 108
1780922787363 2.034922436593768 109
1780922806199 2.005408765579266 110
1780922824991 1.9763231486080477 111
1780922844440 1.947659377361809 112
1780922863878 1.9194113335651206 113
1780922882604 1.89157298767948 114
1780922901390 1.8641383976163133 115
1780922920768 1.837101707468633 116
1780922939548 1.8104571462610979 117
1780922958196 1.7841990267182002 118
1780922976879 1.7583217440503172 119
1780922995530 1.7328197747573686 120
1780923014210 1.7076876754498305 121
1780923032906 1.6829200816868415 122
1780923051803 1.6585117068311668 123
1780923069486 1.634457340920764 124
1780923086897 1.6107518495567201 125
1780923104195 1.5873901728073143 126
1780923121392 1.5643673241279759 127
1780923138520 1.5416783892969101 128
1780923155611 1.5193185253661556 129
1780923172699 1.49728295962786 130
1780923189765 1.4755669885955465 131
1780923206805 1.4541659770001534 132
1780923223875 1.4330753568006416 133
1780923241097 1.4122906262089432 134
1780923258316 1.3918073487290572 135
1780923275353 1.3716211522100812 136
1780923292448 1.3517277279129758 137
1780923309851 1.3321228295908647 138
1780923327049 1.3128022725826758 139
1780923344115 1.2937619329199261 140
1780923361550 1.2749977464464604 141
1780923378849 1.2565057079509587 142
1780923396128 1.2382818703120253 143
1780923413356 1.220322343655675 144
1780923431537 1.2026232945250424 145
1780923449111 1.1851809450621307 146
1780923466668 1.1679915722014278 147
1780923484661 1.1510515068752203 148
1780923502118 1.1343571332304312 149
1780923519358 1.1179048878568156 150
1780923536432 1.1016912590263541 151
1780923553743 1.0857127859436735 152
1780923572646 1.0699660580073416 153
1780923589793 1.054447714081874 154
1780923607108 1.039154441780303 155
1780923624285 1.0240829767571449 156
1780923641743 1.0092301020116317 157
1780923659949 0.9945926472010385 158
1780923677978 0.9801674879639771 159
1780923695702 0.9659515452535011 160
1780923713033 0.9519417846798834 161
1780923730238 0.9381352158629274 162
1780923748528 0.9245288917936701 163
1780923766947 0.911119908205345 164
1780923784095 0.8979054029534655 165
1780923801388 0.8848825554049022 166
1780923818426 0.8720485858358176 167
1780923835456 0.8594007548383367 168
1780923852530 0.8469363627358201 169
1780923869627 0.8346527490066185 170
1780923886741 0.8225472917161848 171
1780923903851 0.8106174069574239 172
1780923920909 0.7988605482991564 173
1780923938085 0.7872742062425857 174
1780923955409 0.775855907685644 175
1780923972512 0.7646032153951109 176
1780923989843 0.753513727486385 177
1780924006953 0.7425850769108036 178
1780924024181 0.7318149309503956 179
1780924042771 0.7212009907199641 180
1780924061530 0.7107409906763894 181
1780924079477 0.7004326981350499 182
1780924096659 0.6902739127932553 183
1780924113780 0.6802624662605933 184
1780924131104 0.6703962215960863 185
1780924148602 0.6606730728520628 186
1780924153088 0.6602242813933523 187
