1780918563467 5.509790819744731 1
1780918580400 39.99574173328488 2
1780918597328 34.46475574582122 3
1780918614252 34.22746809138808 4
1780918834819 83.02058162245639 5
1780918851736 35.31120264807413 6
1780918868675 37.2493896484375 7
1780918886890 38.947915720385176 8
1780918903806 55.11961755087209 9
1780918920728 21.298297261082848 10
1780919968413 10.801404376362646 11
1780919985329 24.387615824854652 12
1780920010255 7.863741852516352 13
1780920027196 29.317893804505815 14
1780920044120 55.96220930232558 15
1780920061032 3.865843661995821 16
1780920077965 5.220433079919149 17
1780920094897 3.3074883749318675 18
1780920111820 4.800832349200581 19
1780920128744 2.3997499332871546 20
1780920147857 2.968367110851199 21
1780920168873 6.149570198946221 22
1780920347662 2.6627108551735104 23
1780920364581 1.6500127038290335 24
1780920426194 3.902176258175872 25
1780920443119 1.2498079344283703 26
1780920460042 2.197616754576217 27
1780920485878 1.7242438737736192 28
1780920502814 1.4446451054062954 29
1780920519750 1.902421463367551 30
1780920540911 1.7247974484465842 31
1780920559979 1.1906421572663064 32
1780920580677 1.6961671696152798 33
1780920889428 1.6661077100177144 34
1780920906355 3.6780565838481105 35
1780920923288 3.204173953034157 36
1780921153133 3.7809285008630087 37
1780921170046 3.1819748989371366 38
1780921378568 7.665944653888081 39
1780921415096 2.7674418604651163 40
1780921434124 1.0709484011627908 41
1780921452586 1.8632938473723655 42
1780921472300 1.2238823646722838 43
1780921492835 1.862830406011537 44
1780921522789 2.055602495060411 45
1780921549519 4.133879905523256 46
1780921575180 1.9596951506858649 47
1780921601322 2.016112571538881 48
1780921625301 2.893722356751908 49
1780921648214 2.250391405682231 50
1780921668937 3.5952496195948402 51
1780921688692 2.545746914176054 52
1780921707952 2.2950551232626273 53
1780921728008 2.15163723258085 54
1780921747865 1.2731204365575037 55
1780921767102 2.1442505592523617 56
1780921786243 2.463821765988372 57
1780921805188 2.425373166106468 58
1780921824225 2.3751023758289427 59
1780921843358 3.0568436023800873 60
1780921862647 2.513484333836755 61
1780921881873 1.6249769343886264 62
1780921900979 1.9687677427779797 63
1780921920518 1.8404260679732922 64
1780921940056 2.2366886582485463 65
1780921959370 2.2531308906022893 66
1780921979525 3.114075771597929 67
1780921998901 1.8088089698968932 68
1780922018523 1.4644614818484285 69
1780922038343 1.5709806930187136 70
1780922057149 2.145541701205941 71
1780922075992 1.5710025166356287 72
1780922094788 1.940573581429415 73
1780922114487 2.1075758823128634 74
1780922134295 1.6204088787699855 75
1780922154075 1.7153735493504725 76
1780922173055 1.847341493118641 77
1780922191997 2.209625776423964 78
1780922210920 1.743829416674237 79
1780922229825 2.3751965899800145 80
1780922249203 2.834332133448401 81
1780922270533 1.5848933375158976 82
1780922290204 1.7816529384879178 83
1780922309411 1.8417903101721476 84
1780922328472 1.9346554778343024 85
1780922347877 2.5382083626680596 86
1780922369211 1.539278784463572 87
1780922389334 1.4844789726789607 88
1780922408660 1.703692768895349 89
1780922428238 2.859765518543332 90
1780922447471 2.481177041696948 91
1780922466488 1.8826160874477653 92
1780922485410 1.3932778114496276 93
1780922504411 1.4742384622263354 94
1780922523339 2.004269799520803 95
1780922542164 1.7091964011968568 96
1780922560871 1.5163519216138264 97
1780922579715 2.248200172601744 98
1780922598628 3.449397242346475 99
1780922617908 2.92429050179415 100
1780922636682 1.7977427992709847 101
1780922655535 2.9720478501430776 102
1780922674329 2.6962301564771076 103
1780922693194 3.0396206877952396 104
1780922712011 2.3396767904592113 105
1780922730877 2.231753859409066 106
1780922749783 2.2011026781658796 107
1780922768543 2.4466872104378634 108
1780922787361 2.8060888246048328 109
1780922806195 1.6631228424781976 110
1780922824987 2.9888224047283796 111
1780922844435 1.2337728101153707 112
1780922863872 1.6425259612327399 113
1780922882600 2.8727629905523258 114
1780922901388 3.1844482421875 115
1780922920763 3.663848876953125 116
1780922939544 4.20008246843205 117
1780922958194 1.2666267572447312 118
1780922976875 2.5660299256790515 119
1780922995528 2.4356476539789242 120
1780923014206 1.335476276486419 121
1780923032903 4.636978504269622 122
1780923051798 1.9537200927734375 123
1780923069482 3.080947521121003 124
1780923086888 5.672852627066678 125
1780923104191 4.878163537313772 126
1780923121390 3.551521478697311 127
1780923138516 7.020072759583939 128
1780923155608 4.786163684933684 129
1780923172697 5.372866253520167 130
1780923189763 6.197401889534884 131
1780923206803 3.5336360487827037 132
1780923223873 3.709402039993641 133
1780923241095 3.892514250999273 134
1780923258313 4.852245242096657 135
1780923275349 3.4690633374591204 136
1780923292445 2.915784614030705 137
1780923309847 3.851319423941679 138
1780923327044 3.5070758198582848 139
1780923344112 3.120071765988372 140
1780923361546 2.3315576952557233 141
1780923378845 3.157939822174782 142
1780923396124 2.1568493510401527 143
1780923413353 3.094322027162064 144
1780923431534 4.177365325218023 145
1780923449107 1.9924048490302508 146
1780923466664 3.249847412109375 147
1780923484656 3.2444287677143895 148
1780923502114 3.754462663517442 149
1780923519355 5.043491097383721 150
1780923536429 2.637491980264353 151
1780923553739 3.3612915748773617 152
1780923572643 2.9591241880904797 153
1780923589789 3.701961783475654 154
1780923607104 4.38610023675963 155
1780923624280 2.959907709166061 156
1780923641738 3.5864300395167152 157
1780923659945 2.2112412563590116 158
1780923677976 1.7409944756086482 159
1780923695697 2.965492425962936 160
1780923713028 4.469364254973655 161
1780923730234 2.966754824616188 162
1780923748525 2.0063739155614098 163
1780923766944 1.8464461925417879 164
1780923784092 2.133576326592024 165
1780923801385 1.3406617807787518 166
1780923818423 2.554867944052053 167
1780923835453 2.8833891402843386 168
1780923852526 2.628686239553052 169
1780923869625 2.0809991526049236 170
1780923886738 1.5409735746161883 171
1780923903847 1.5253684465275255 172
1780923920905 3.547853336777798 173
1780923938081 2.0536887590275255 174
1780923955406 1.26494500803393 175
1780923972509 2.6635468948719114 176
1780923989840 1.0031236160633177 177
1780924006951 1.752908751021984 178
1780924024178 1.0667822194653889 179
1780924042766 1.1793968732966933 180
1780924061527 1.4211831203726835 181
1780924079470 1.4206040848133177 182
1780924096656 1.535247802734375 183
1780924113771 1.4316890627838845 184
1780924131101 1.2964057922363281 185
1780924148598 2.2408035633175873 186
1780924153087 2.276792836743732 187
