1780918563468 85.57412790697676 1
1780918580401 85.63771802325581 2
1780918597329 88.23582848837209 3
1780918614253 86.01017441860465 4
1780918834820 6.613372093023257 5
1780918851737 85.65588662790698 6
1780918868675 85.68313953488372 7
1780918886891 85.58321220930233 8
1780918903807 85.60138081395348 9
1780918920729 85.53779069767442 10
1780919968414 42.37827034883721 11
1780919985330 34.72020348837209 12
1780920010258 80.35065406976744 13
1780920027196 33.43931686046512 14
1780920044120 29.242369186046513 15
1780920061032 46.74781976744186 16
1780920077966 43.54106104651162 17
1780920094897 72.86518895348837 18
1780920111820 74.84556686046511 19
1780920128745 73.61010174418605 20
1780920147857 85.3561046511628 21
1780920168873 47.59265988372093 22
1780920347663 75.01816860465115 23
1780920364582 92.36918604651163 24
1780920426195 90.10719476744185 25
1780920443120 89.48946220930233 26
1780920460043 89.91642441860465 27
1780920485879 89.80741279069767 28
1780920502814 89.5984738372093 29
1780920519751 88.78997093023256 30
1780920540911 88.77180232558139 31
1780920559980 90.625 32
1780920580681 92.01489825581395 33
1780920889429 93.39571220930233 34
1780920906356 91.2609011627907 35
1780920923289 91.9967296511628 36
1780921153134 91.45167151162791 37
1780921170047 91.28815406976744 38
1780921378570 89.53488372093024 39
1780921415097 92.0421511627907 40
1780921434127 92.41460755813954 41
1780921452587 93.1686046511628 42
1780921472301 94.16787790697676 43
1780921493082 93.05050872093024 44
1780921522804 93.59556686046511 45
1780921549535 91.81504360465115 46
1780921575186 92.94149709302324 47
1780921601327 93.39571220930233 48
1780921625307 93.61373546511628 49
1780921648223 93.41388081395348 50
1780921668943 92.15116279069767 51
1780921688696 93.17768895348837 52
1780921707954 93.08684593023256 53
1780921728012 92.40552325581395 54
1780921747867 91.85138081395348 55
1780921767105 92.39643895348837 56
1780921786245 92.98691860465115 57
1780921805190 91.86954941860465 58
1780921824227 91.68786337209302 59
1780921843360 92.32376453488372 60
1780921862648 92.56904069767442 61
1780921881875 92.02398255813954 62
1780921900983 93.34120639534885 63
1780921920519 94.56758720930233 64
1780921940059 92.3873546511628 65
1780921959372 94.6765988372093 66
1780921979529 93.00508720930233 67
1780921998903 90.57957848837209 68
1780922018525 88.33575581395348 69
1780922038347 93.5501453488372 70
1780922057150 93.24127906976744 71
1780922075994 92.11482558139535 72
1780922094789 93.58648255813954 73
1780922114489 93.08684593023256 74
1780922134298 93.04142441860465 75
1780922154077 94.22238372093024 76
1780922173056 90.60683139534885 77
1780922191999 92.46911337209302 78
1780922210922 94.03161337209302 79
1780922229827 90.15261627906976 80
1780922249205 91.05196220930233 81
1780922270536 92.19658430232558 82
1780922290207 93.359375 83
1780922309413 93.24127906976744 84
1780922328473 91.87863372093024 85
1780922347879 90.56140988372093 86
1780922369214 92.96875 87
1780922389336 92.95058139534885 88
1780922408664 91.19731104651163 89
1780922428244 83.16678779069767 90
1780922447473 83.54832848837209 91
1780922466490 87.21838662790698 92
1780922485412 88.92623546511628 93
1780922504413 90.53415697674419 94
1780922523341 88.41751453488372 95
1780922542166 89.86191860465115 96
1780922560873 91.17914244186046 97
1780922579718 88.88989825581395 98
1780922598630 85.47420058139535 99
1780922617911 85.96475290697676 100
1780922636684 91.32449127906976 101
1780922655537 88.32667151162791 102
1780922674332 85.10174418604652 103
1780922693196 81.31359011627907 104
1780922712012 86.76417151162791 105
1780922730878 84.52943313953489 106
1780922749784 82.04941860465115 107
1780922768546 84.52943313953489 108
1780922787362 82.13117732558139 109
1780922806197 88.90806686046511 110
1780922824989 80.69585755813954 111
1780922844438 89.95276162790698 112
1780922863876 87.5 113
1780922882602 74.8546511627907 114
1780922901389 69.91279069767442 115
1780922920766 66.58793604651163 116
1780922939546 68.68640988372093 117
1780922958195 80.99563953488372 118
1780922976877 74.70021802325581 119
1780922995529 77.55268895348837 120
1780923014208 84.06613372093024 121
1780923032905 60.219840116279066 122
1780923051801 74.18241279069767 123
1780923069484 65.65225290697676 124
1780923086893 52.98873546511628 125
1780923104194 53.05232558139535 126
1780923121391 56.122819767441854 127
1780923138518 47.174781976744185 128
1780923155610 54.623909883720934 129
1780923172698 52.52543604651163 130
1780923189764 49.16424418604651 131
1780923206804 57.92151162790697 132
1780923223874 59.79287790697675 133
1780923241095 65.35247093023256 134
1780923258314 55.41424418604651 135
1780923275351 57.331031976744185 136
1780923292447 68.45930232558139 137
1780923309850 56.368095930232556 138
1780923327047 55.45058139534884 139
1780923344114 62.236555232558146 140
1780923361549 70.69404069767442 141
1780923378847 69.83103197674419 142
1780923396126 73.73728197674419 143
1780923413354 67.97783430232558 144
1780923431535 57.79433139534884 145
1780923449110 71.42986918604652 146
1780923466666 63.05414244186046 147
1780923484659 64.13517441860465 148
1780923502117 59.15697674418605 149
1780923519356 51.98946220930233 150
1780923536430 67.03306686046511 151
1780923553741 60.8375726744186 152
1780923572644 61.455305232558146 153
1780923589791 58.321220930232556 154
1780923607106 56.48619186046512 155
1780923624283 63.98982558139535 156
1780923641741 57.99418604651163 157
1780923659948 68.2140261627907 158
1780923677977 71.09375 159
1780923695700 60.71947674418605 160
1780923713032 54.66024709302325 161
1780923730237 64.40770348837209 162
1780923748527 71.6751453488372 163
1780923766946 73.11954941860465 164
1780923784094 67.51453488372093 165
1780923801387 76.66242732558139 166
1780923818424 64.85283430232558 167
1780923835454 64.03524709302324 168
1780923852528 66.40625 169
1780923869626 69.93095930232558 170
1780923886739 74.00981104651163 171
1780923903849 77.05305232558139 172
1780923920907 61.70058139534884 173
1780923938083 74.18241279069767 174
1780923955408 78.30668604651163 175
1780923972510 70.59411337209302 176
1780923989842 79.36954941860465 177
1780924006952 73.87354651162791 178
1780924024180 80.69585755813954 179
1780924042769 80.02361918604652 180
1780924061529 77.71620639534885 181
1780924079476 77.30741279069767 182
1780924096658 76.24454941860465 183
1780924113778 77.84338662790698 184
1780924131103 77.82521802325581 185
1780924148601 73.50109011627907 186
1780924153087 73.66460755813954 187
