1781251274318 99.54578488372093 1
1781251281247 99.39135174418605 2
1781251288100 98.39207848837209 3
1781251295292 99.74563953488372 4
1781251302220 99.27325581395348 5
1781251309079 99.52761627906976 6
1781251316274 99.50944767441861 7
1781251323205 99.52761627906976 8
1781251330273 99.77289244186046 9
1781251337204 99.78197674418605 10
1781251344159 99.60029069767442 11
1781251351218 99.83648255813954 12
1781251358390 99.70021802325581 13
1781251365337 99.8092296511628 14
1781251372249 99.79106104651163 15
1781251379286 99.74563953488372 16
1781251386281 99.69113372093024 17
1781251393184 99.8001453488372 18
1781251400231 99.51853197674419 19
1781251407370 99.8001453488372 20
1781251414266 99.8001453488372 21
1781251421280 99.82739825581395 22
1781251428306 99.8001453488372 23
1781251435196 99.42768895348837 24
1781251442234 99.12790697674419 25
1781251449214 99.73655523255815 26
1781251456089 99.71838662790698 27
1781251463108 99.52761627906976 28
1781251470066 99.60029069767442 29
1781251476930 99.69113372093024 30
1781251483957 99.77289244186046 31
1781251490867 99.81831395348837 32
1781251497695 99.83648255813954 33
1781251504743 99.52761627906976 34
1781251511710 99.8546511627907 35
1781251518575 99.74563953488372 36
1781251525567 99.72747093023256 37
1781251532517 99.70930232558139 38
1781251539375 99.82739825581395 39
1781251546408 99.87281976744185 40
1781251553384 99.22783430232558 41
1781251560242 99.4640261627907 42
1781251567237 99.66388081395348 43
1781251574187 99.90007267441861 44
1781251581031 99.8546511627907 45
1781251588036 99.82739825581395 46
1781251592546 99.77289244186046 47
