1781251274319 0.6602242813933523 1
1781251281249 0.6602242813933523 2
1781251288102 0.6602242813933523 3
1781251295294 0.6602242813933523 4
1781251302222 0.6602242813933523 5
1781251309081 0.6602242813933523 6
1781251316275 0.6602242813933523 7
1781251323207 0.6602242813933523 8
1781251330275 0.6602242813933523 9
1781251337205 0.6602242813933523 10
1781251344161 0.6602242813933523 11
1781251351221 0.6602242813933523 12
1781251358392 0.6602242813933523 13
1781251365339 0.6602242813933523 14
1781251372252 0.6602242813933523 15
1781251379288 0.6602242813933523 16
1781251386282 0.6602242813933523 17
1781251393185 0.6602242813933523 18
1781251400233 0.6602242813933523 19
1781251407372 0.6602242813933523 20
1781251414268 0.6602242813933523 21
1781251421282 0.6602242813933523 22
1781251428308 0.6602242813933523 23
1781251435198 0.6602242813933523 24
1781251442236 0.6602242813933523 25
1781251449216 0.6602242813933523 26
1781251456091 0.6602242813933523 27
1781251463110 0.6602242813933523 28
1781251470068 0.6602242813933523 29
1781251476932 0.6602242813933523 30
1781251483959 0.6602242813933523 31
1781251490868 0.6602242813933523 32
1781251497696 0.6602242813933523 33
1781251504745 0.6602242813933523 34
1781251511712 0.6602242813933523 35
1781251518577 0.6602242813933523 36
1781251525569 0.6602242813933523 37
1781251532519 0.6602242813933523 38
1781251539377 0.6602242813933523 39
1781251546410 0.6602242813933523 40
1781251553387 0.6602242813933523 41
1781251560244 0.6602242813933523 42
1781251567238 0.6602242813933523 43
1781251574189 0.6602242813933523 44
1781251581033 0.6602242813933523 45
1781251588037 0.6602242813933523 46
1781251592547 0.6602242813933523 47
