1781251274317 0.019084208233411924 1
1781251281246 0.019110845965008404 2
1781251288099 0.032964304436084835 3
1781251295291 0.01135584365489871 4
1781251302219 0.01544883084851642 5
1781251309078 0.01390149565630181 6
1781251316273 0.012669987456743107 7
1781251323205 0.010869833619095558 8
1781251330272 0.00855515724004701 9
1781251337203 0.009336643440778865 10
1781251344159 0.010829321173734443 11
1781251351217 0.00848568456117497 12
1781251358390 0.008251331573308901 13
1781251365337 0.008538777745047282 14
1781251372248 0.008000061262485593 15
1781251379285 0.008302011462145074 16
1781251386280 0.009419383004654286 17
1781251393183 0.008234894552896188 18
1781251400230 0.008505234191584032 19
1781251407369 0.007493493861930315 20
1781251414265 0.0068670573622681376 21
1781251421279 0.005797305772470874 22
1781251428305 0.006697313037029532 23
1781251435195 0.013046174548393073 24
1781251442233 0.017667945041212926 25
1781251449207 0.007765391538309497 26
1781251456088 0.007644803718078968 27
1781251463107 0.010020878425864287 28
1781251470065 0.00853688633719156 29
1781251476929 0.007334935110668803 30
1781251483956 0.007076862939568453 31
1781251490866 0.0066395894039508905 32
1781251497694 0.0063752171605132345 33
1781251504742 0.009981640549593194 34
1781251511709 0.005846207225045493 35
1781251518574 0.006331793790639833 36
1781251525566 0.007865893286327983 37
1781251532516 0.0072605103947395505 38
1781251539374 0.0056967614002006 39
1781251546406 0.0052840997313344205 40
1781251553383 0.01636487938636957 41
1781251560241 0.012642730114071868 42
1781251567236 0.007596038108648256 43
1781251574187 0.004804533581401027 44
1781251581030 0.005276258948237397 45
1781251588035 0.006222433822099553 46
1781251592545 0.006640482087467992 47
