1781249897107 9.85831306441073 1
1781249904502 9.715332180565344 2
1781249911796 9.5744250321564 3
1781249919217 9.435561542585232 4
1781249926611 9.298712071471687 5
1781249933911 9.163847408327388 6
1781249941339 9.030938766320775 7
1781249948729 8.899957776132542 8
1781249956031 8.770876479900233 9
1781249963445 8.643667325250629 10
1781249970838 8.518303159418704 11
1781249978142 8.394757223451876 12
1781249985566 8.273003146498311 13
1781249992965 8.153014940178076 14
1781250000266 8.034766993035916 15
1781250007688 7.918234065074507 16
1781250015082 7.803391282366969 17
1781250022371 7.690214131747549 18
1781250029804 7.578678455579279 19
1781250037194 7.468760446597539 20
1781250044491 7.3604366428283985 21
1781250051896 7.25368392258067 22
1781250059305 7.148479499510581 23
1781250066612 7.044800917758041 24
1781250074033 6.942626047153438 25
1781250081433 6.841933078493963 26
1781250088745 6.742700518888441 27
1781250096164 6.64490718716967 28
1781250103571 6.548532209373317 29
1781250110872 6.45355501428237 30
1781250118286 6.359955329036213 31
1781250125692 6.267713174803395 32
1781250133020 6.176808862517151 33
1781250140415 6.08722298867277 34
1781250147806 5.998936431185928 35
1781250155113 5.911930345311081 36
1781250162558 5.8261861596190565 37
1781250170042 5.741685572032992 38
1781250177376 5.658410545921752 39
1781250184787 5.576343306250022 40
1781250192208 5.495466335784225 41
1781250199551 5.415762371353475 42
1781250207005 5.337214400164756 43
1781250214441 5.2598056561715465 44
1781250221777 5.183519616495111 45
1781250229209 5.108339997897691 46
1781250236627 5.034250753306856 47
1781250243940 4.961236068390259 48
1781250251349 4.889280358180072 49
1781250258768 4.818368263746372 50
1781250266065 4.7484846489187875 51
1781250273476 4.6796145970556875 52
1781250280890 4.611743407860217 53
1781250288185 4.544856594242536 54
1781250295596 4.478939879227545 55
1781250303015 4.413979192907468 56
1781250310321 4.349960669438638 57
1781250317731 4.286870644081833 58
1781250325122 4.224695650285539 59
1781250332419 4.163422416811523 60
1781250339829 4.103037864902085 61
1781250347208 4.043529105488401 62
1781250354493 3.9848834364393593 63
1781250361910 3.927088339850287 64
1781250369314 3.8701314793710067 65
1781250376647 3.814000697572651 66
1781250384081 3.7586840133526565 67
1781250391479 3.704169619377402 68
1781250398812 3.650445879561936 69
1781250406257 3.5975013265862588 70
1781250413731 3.5453246594476195 71
1781250421105 3.4939047410483286 72
1781250428553 3.4432305958185405 73
1781250435992 3.39329140737352 74
1781250443336 3.3440765162048933 75
1781250450777 3.2955754174053755 76
1781250458196 3.247777758426494 77
1781250465551 3.200673336868853 78
1781250473003 3.154252098304421 79
1781250480430 3.1085041341304214 80
1781250487763 3.0634196794543445 81
1781250495212 3.0189891110096294 82
1781250502628 2.9752029451015827 83
1781250509945 2.9320518355830854 84
1781250517406 2.88952657185966 85
1781250524833 2.847618076923471 86
1781250532168 2.8063174054158404 87
1781250539607 2.765615741717861 88
1781250547019 2.7255043980687055 89
1781250554326 2.685974812711229 90
1781250561768 2.647018548064459 91
1781250569186 2.6086272889225977 92
1781250576486 2.5707928406801446 93
1781250583924 2.5335071275827574 94
1781250591351 2.4967621910034876 95
1781250598648 2.460550187744007 96
1781250606115 2.424863388360486 97
1781250613517 2.3896941755137417 98
1781250620830 2.3550350423433195 99
1781250628246 2.3208785908651546 100
1781250635652 2.2872175303924758 101
1781250642967 2.254044675979607 102
1781250650394 2.2213529468883464 103
1781250657797 2.189135365076581 104
1781250665135 2.1573850537088264 105
1781250672562 2.1260952356883687 106
1781250679965 2.095259232210693 107
1781250687272 2.064870461337895 108
1781250694707 2.034922436593768 109
1781250702112 2.005408765579266 110
1781250709471 1.9763231486080477 111
1781250716888 1.947659377361809 112
1781250724299 1.9194113335651206 113
1781250731610 1.89157298767948 114
1781250739034 1.8641383976163133 115
1781250746436 1.837101707468633 116
1781250753759 1.8104571462610979 117
1781250761155 1.7841990267182002 118
1781250768534 1.7583217440503172 119
1781250775857 1.7328197747573686 120
1781250783280 1.7076876754498305 121
1781250790656 1.6829200816868415 122
1781250797982 1.6585117068311668 123
1781250805421 1.634457340920764 124
1781250812824 1.6107518495567201 125
1781250820137 1.5873901728073143 126
1781250827536 1.5643673241279759 127
1781250834979 1.5416783892969101 128
1781250842309 1.5193185253661556 129
1781250849732 1.49728295962786 130
1781250857123 1.4755669885955465 131
1781250864500 1.4541659770001534 132
1781250871899 1.4330753568006416 133
1781250879274 1.4122906262089432 134
1781250886559 1.3918073487290572 135
1781250894013 1.3716211522100812 136
1781250901437 1.3517277279129758 137
1781250908778 1.3321228295908647 138
1781250916225 1.3128022725826758 139
1781250923593 1.2937619329199261 140
1781250930883 1.2749977464464604 141
1781250938303 1.2565057079509587 142
1781250945739 1.2382818703120253 143
1781250953024 1.220322343655675 144
1781250960519 1.2026232945250424 145
1781250967921 1.1851809450621307 146
1781250975211 1.1679915722014278 147
1781250982677 1.1510515068752203 148
1781250990063 1.1343571332304312 149
1781250997374 1.1179048878568156 150
1781251004807 1.1016912590263541 151
1781251012223 1.0857127859436735 152
1781251019522 1.0699660580073416 153
1781251026936 1.054447714081874 154
1781251034337 1.039154441780303 155
1781251041616 1.0240829767571449 156
1781251049049 1.0092301020116317 157
1781251056527 0.9945926472010385 158
1781251063970 0.9801674879639771 159
1781251071371 0.9659515452535011 160
1781251078942 0.9519417846798834 161
1781251086272 0.9381352158629274 162
1781251093681 0.9245288917936701 163
1781251101098 0.911119908205345 164
1781251108386 0.8979054029534655 165
1781251115969 0.8848825554049022 166
1781251123321 0.8720485858358176 167
1781251130635 0.8594007548383367 168
1781251138073 0.8469363627358201 169
1781251145554 0.8346527490066185 170
1781251152873 0.8225472917161848 171
1781251160306 0.8106174069574239 172
1781251167711 0.7988605482991564 173
1781251174995 0.7872742062425857 174
1781251182410 0.775855907685644 175
1781251189797 0.7646032153951109 176
1781251197107 0.753513727486385 177
1781251204549 0.7425850769108036 178
1781251211949 0.7318149309503956 179
1781251219281 0.7212009907199641 180
1781251226698 0.7107409906763894 181
1781251234111 0.7004326981350499 182
1781251241434 0.6902739127932553 183
1781251248869 0.6802624662605933 184
1781251256386 0.6703962215960863 185
1781251263691 0.6606730728520628 186
1781251265958 0.6602242813933523 187
