1781249897106 85.57412790697676 1
1781249904500 85.63771802325581 2
1781249911794 85.65588662790698 3
1781249919216 85.59229651162791 4
1781249926609 85.61954941860465 5
1781249933909 20.203488372093023 6
1781249941338 85.68313953488372 7
1781249948727 23.52834302325581 8
1781249956030 85.60138081395348 9
1781249963443 83.203125 10
1781249970837 29.551235465116278 11
1781249978140 83.36664244186046 12
1781249985565 21.775072674418606 13
1781249992964 59.26598837209303 14
1781250000264 82.89425872093024 15
1781250007686 82.6126453488372 16
1781250015080 71.18459302325581 17
1781250022369 55.57776162790697 18
1781250029802 87.88154069767442 19
1781250037192 71.57521802325581 20
1781250044490 51.87136627906976 21
1781250051895 83.0032703488372 22
1781250059303 75.30886627906976 23
1781250066610 79.22420058139535 24
1781250074031 47.20203488372093 25
1781250081431 77.81613372093024 26
1781250088743 84.12063953488372 27
1781250096163 86.0828488372093 28
1781250103569 79.53306686046511 29
1781250110870 85.85574127906976 30
1781250118285 78.77906976744185 31
1781250125691 66.77870639534885 32
1781250133018 78.85174418604652 33
1781250140413 79.53306686046511 34
1781250147804 59.829215116279066 35
1781250155111 72.05668604651163 36
1781250162556 79.16061046511628 37
1781250170041 73.02870639534885 38
1781250177374 75.16351744186046 39
1781250184786 82.53088662790698 40
1781250192206 82.63989825581395 41
1781250199549 82.94876453488372 42
1781250207004 84.60210755813954 43
1781250214440 87.67260174418605 44
1781250221775 81.87681686046511 45
1781250229207 83.38481104651163 46
1781250236626 88.16315406976744 47
1781250243938 71.84774709302324 48
1781250251348 83.41206395348837 49
1781250258766 85.6922238372093 50
1781250266064 85.17441860465115 51
1781250273475 68.63190406976744 52
1781250280888 71.00290697674419 53
1781250288183 84.70203488372093 54
1781250295594 74.06431686046511 55
1781250303014 82.07667151162791 56
1781250310319 85.45603197674419 57
1781250317729 76.00835755813954 58
1781250325120 59.29324127906976 59
1781250332417 77.28924418604652 60
1781250339828 71.99309593023256 61
1781250347206 82.20385174418605 62
1781250354491 77.06213662790698 63
1781250361908 83.02143895348837 64
1781250369312 77.22565406976744 65
1781250376646 83.81177325581395 66
1781250384079 62.45457848837209 67
1781250391478 84.89280523255815 68
1781250398810 91.23364825581395 69
1781250406256 86.4734738372093 70
1781250413729 66.2154796511628 71
1781250421103 82.26744186046511 72
1781250428551 77.00763081395348 73
1781250435990 78.65188953488372 74
1781250443335 76.59883720930233 75
1781250450775 87.19113372093024 76
1781250458194 86.09193313953489 77
1781250465550 49.92732558139535 78
1781250473002 76.04469476744185 79
1781250480429 75.99927325581395 80
1781250487762 77.31649709302324 81
1781250495211 76.71693313953489 82
1781250502627 67.92332848837209 83
1781250509943 72.8470203488372 84
1781250517405 65.05268895348837 85
1781250524831 51.38081395348837 86
1781250532166 69.140625 87
1781250539605 67.07848837209302 88
1781250547017 72.5109011627907 89
1781250554324 70.703125 90
1781250561767 75.37245639534885 91
1781250569185 62.33648255813954 92
1781250576484 74.03706395348837 93
1781250583923 66.37899709302324 94
1781250591350 77.17114825581395 95
1781250598646 50.35428779069767 96
1781250606113 81.8313953488372 97
1781250613515 72.15661337209302 98
1781250620829 66.04287790697676 99
1781250628244 67.06940406976744 100
1781250635651 64.67114825581395 101
1781250642966 57.61264534883721 102
1781250650392 70.62136627906976 103
1781250657795 71.75690406976744 104
1781250665133 69.46765988372093 105
1781250672561 68.5501453488372 106
1781250679963 78.52470930232558 107
1781250687271 89.73473837209302 108
1781250694706 71.17550872093024 109
1781250702110 53.95167151162791 110
1781250709469 76.3626453488372 111
1781250716886 84.45675872093024 112
1781250724297 81.09556686046511 113
1781250731608 70.5032703488372 114
1781250739032 66.58793604651163 115
1781250746434 60.456031976744185 116
1781250753757 43.85901162790697 117
1781250761153 67.21475290697676 118
1781250768532 70.25799418604652 119
1781250775855 71.13917151162791 120
1781250783279 65.20712209302324 121
1781250790655 65.33430232558139 122
1781250797980 64.88008720930233 123
1781250805418 66.45167151162791 124
1781250812823 64.2532703488372 125
1781250820135 65.11627906976744 126
1781250827534 68.63190406976744 127
1781250834978 65.01635174418605 128
1781250842307 58.67550872093024 129
1781250849730 64.61664244186046 130
1781250857121 58.15770348837209 131
1781250864498 66.64244186046511 132
1781250871898 66.37899709302324 133
1781250879272 55.10537790697675 134
1781250886557 56.913154069767444 135
1781250894011 63.69004360465116 136
1781250901435 65.57957848837209 137
1781250908776 70.83938953488372 138
1781250916224 65.10719476744185 139
1781250923592 72.49273255813954 140
1781250930881 70.17623546511628 141
1781250938301 82.14934593023256 142
1781250945737 72.58357558139535 143
1781250953022 74.50036337209302 144
1781250960518 72.38372093023256 145
1781250967919 69.43132267441861 146
1781250975209 74.0279796511628 147
1781250982676 73.40116279069767 148
1781250990061 64.74382267441861 149
1781250997372 64.97093023255815 150
1781251004805 80.13263081395348 151
1781251012222 70.99382267441861 152
1781251019520 78.67005813953489 153
1781251026934 84.69295058139535 154
1781251034336 72.22020348837209 155
1781251041614 69.57667151162791 156
1781251049047 75.65406976744185 157
1781251056526 74.4640261627907 158
1781251063969 84.75654069767442 159
1781251071369 79.76017441860465 160
1781251078940 85.86482558139535 161
1781251086270 68.74091569767442 162
1781251093680 77.22565406976744 163
1781251101096 81.95857558139535 164
1781251108385 83.92986918604652 165
1781251115968 89.6438953488372 166
1781251123320 71.05741279069767 167
1781251130633 72.08393895348837 168
1781251138071 74.99091569767442 169
1781251145553 75.79033430232558 170
1781251152871 79.27870639534885 171
1781251160304 77.50726744186046 172
1781251167709 75.5904796511628 173
1781251174994 77.97056686046511 174
1781251182408 78.62463662790698 175
1781251189796 81.70421511627907 176
1781251197105 82.14934593023256 177
1781251204548 78.97892441860465 178
1781251211947 81.4407703488372 179
1781251219280 80.12354651162791 180
1781251226696 79.50581395348837 181
1781251234110 82.63989825581395 182
1781251241431 74.20058139534885 183
1781251248867 75.67223837209302 184
1781251256385 76.03561046511628 185
1781251263690 78.92441860465115 186
1781251265957 78.72456395348837 187
