1781249897105 1.8950780824173328 1
1781249904499 18.521436114643894 2
1781249911793 30.684893940770348 3
1781249919215 27.52505280250727 4
1781249926608 49.83653365734012 5
1781249933908 27.121783589207848 6
1781249941337 35.90689157885174 7
1781249948726 37.54786575672238 8
1781249956029 28.568660292514537 9
1781249963443 3.8164215087890625 10
1781249970836 28.146705804869185 11
1781249978139 0.7496044247649437 12
1781249985564 76.55296716024709 13
1781249992963 2.5402899453806325 14
1781250000263 2.413011062976926 15
1781250007685 0.9975126399550327 16
1781250015079 3.014549077943314 17
1781250022368 5.02623589094295 18
1781250029802 1.1666228715763536 19
1781250037192 7.881526503452035 20
1781250044489 3.8375978691633357 21
1781250051894 2.7438012056572494 22
1781250059303 6.639865609102471 23
1781250066609 1.764989276264989 24
1781250074030 9.079409577125727 25
1781250081431 4.547151432480923 26
1781250088742 3.9434331849563953 27
1781250096162 2.975980891737827 28
1781250103568 3.9068319631177326 29
1781250110869 1.987471114757449 30
1781250118284 5.165724288585574 31
1781250125690 7.424975018168604 32
1781250133017 4.509915728901708 33
1781250140412 4.3254955203034156 34
1781250147804 15.436935069949127 35
1781250155110 6.049489575763081 36
1781250162556 4.939050363939862 37
1781250170040 4.824045225631359 38
1781250177373 3.2727185626362645 39
1781250184785 2.9427958643713663 40
1781250192205 3.122411328692769 41
1781250199548 2.608566461607467 42
1781250207003 3.153718105582304 43
1781250214439 3.4957200870957483 44
1781250221774 3.9328258425690406 45
1781250229206 4.933993672215661 46
1781250236625 2.0475488707076672 47
1781250243937 10.423578306686046 48
1781250251347 3.959675988485647 49
1781250258765 3.6918359800826672 50
1781250266063 5.735416501067405 51
1781250273474 7.24509092818859 52
1781250280887 11.942680891170058 53
1781250288182 3.8802596691042877 54
1781250295593 9.709265420603197 55
1781250303013 2.7918820048487465 56
1781250310318 3.044123804846475 57
1781250317728 4.732817538948947 58
1781250325119 9.868745315906613 59
1781250332416 5.004007383834484 60
1781250339827 6.948692854060683 61
1781250347205 3.0123294564180596 62
1781250354490 4.524502776389898 63
1781250361907 4.700737886650618 64
1781250369311 4.330570664516715 65
1781250376645 2.6648839906204578 66
1781250384078 8.683114694994549 67
1781250391477 3.0017877623092297 68
1781250398809 1.9410075697787972 69
1781250406255 3.238502679869186 70
1781250413728 11.236575814180595 71
1781250421102 3.371120719022529 72
1781250428550 4.904601695925691 73
1781250435989 7.20487798646439 74
1781250443334 5.172884564067042 75
1781250450775 2.8848394349563953 76
1781250458194 2.177873123523801 77
1781250465549 17.40367942632631 78
1781250473001 3.3899298379587575 79
1781250480428 3.115799305050872 80
1781250487761 2.84108184104742 81
1781250495210 3.1983951302461846 82
1781250502626 3.624574528184048 83
1781250509942 3.6290102226789607 84
1781250517404 5.303551252498183 85
1781250524831 11.321328096611555 86
1781250532165 6.174833075944767 87
1781250539604 5.091374242028524 88
1781250547016 4.324611929960029 89
1781250554323 5.10471894020258 90
1781250561766 3.7972149516260902 91
1781250569184 7.946453005768532 92
1781250576483 3.2957845288653704 93
1781250583922 5.298583274663881 94
1781250591349 3.474349620730378 95
1781250598645 10.573652400526889 96
1781250606112 2.2900474016056505 97
1781250613515 6.155494157658067 98
1781250620827 7.395696595657704 99
1781250628243 6.200075371320858 100
1781250635650 5.632767433343932 101
1781250642965 6.910302450490552 102
1781250650391 5.239085352698038 103
1781250657794 3.6954462805459665 104
1781250665132 4.707072413244913 105
1781250672560 3.5927635015443316 106
1781250679962 1.9659184300622274 107
1781250687270 0.7983228106831395 108
1781250694705 3.2209752992142078 109
1781250702109 7.294159645257994 110
1781250709468 2.287009305732195 111
1781250716885 1.7114642830782159 112
1781250724296 1.5393760148869005 113
1781250731608 2.7862021867619005 114
1781250739031 3.6508302910383357 115
1781250746434 4.578297814657522 116
1781250753756 10.97800037472747 117
1781250761152 3.113547391669695 118
1781250768531 2.4618785769440406 119
1781250775854 3.12595917457758 120
1781250783278 2.286715307901072 121
1781250790654 3.959410911382631 122
1781250797979 3.1037342160247094 123
1781250805417 3.0255343415016354 124
1781250812822 4.2734935671784156 125
1781250820134 3.3991897937863373 126
1781250827533 2.749775908714117 127
1781250834977 3.701731482217478 128
1781250842306 4.044333169626635 129
1781250849729 3.0535501879315046 130
1781250857120 4.595826969590298 131
1781250864497 2.6267755197924236 132
1781250871897 3.4860243686409884 133
1781250879271 4.527131546375363 134
1781250886556 4.39939667457758 135
1781250894010 2.987241878065952 136
1781250901434 3.196360388467478 137
1781250908775 2.235170231309048 138
1781250916223 2.643817280614099 139
1781250923591 1.7687764722247457 140
1781250930880 2.998163622479106 141
1781250938300 1.3115745367005813 142
1781250945736 2.170617391896802 143
1781250953021 1.9190629471180052 144
1781250960517 2.2755151793014172 145
1781250967918 2.345462532930596 146
1781250975208 2.069308258766352 147
1781250982675 2.715457650118096 148
1781250990061 3.5865031397619913 149
1781250997371 2.6343351852062136 150
1781251004805 1.2143250398857648 151
1781251012221 2.292194277741188 152
1781251019519 1.4692345552666242 153
1781251026933 0.9285769795262536 154
1781251034335 2.8314361572265625 155
1781251041613 3.018263351085574 156
1781251049046 1.91161239978879 157
1781251056525 2.0795204694880995 158
1781251063968 0.9493261825206668 159
1781251071368 1.2418871147688044 160
1781251078939 0.7291535222253134 161
1781251086269 2.646338884220567 162
1781251093679 1.3706956907760266 163
1781251101095 0.9703766578851745 164
1781251108384 0.940527272778888 165
1781251115967 0.4844174939532613 166
1781251123319 2.1763257758561956 167
1781251130632 2.14531601307004 168
1781251138071 1.9739610538926236 169
1781251145546 1.7813743768736374 170
1781251152870 1.1512541660042697 171
1781251160303 1.3854617628940316 172
1781251167708 1.81428758488145 173
1781251174993 1.5411957141964934 174
1781251182407 1.5822757454805596 175
1781251189795 1.1577634589616643 176
1781251197105 1.0818722747093024 177
1781251204547 1.525630507358285 178
1781251211947 1.1738989186841389 179
1781251219279 1.231335395990416 180
1781251226695 1.4946179057276525 181
1781251234103 1.115831508192905 182
1781251241424 2.1613283379133357 183
1781251248866 2.103413781454397 184
1781251256384 2.135606810104015 185
1781251263689 1.6947676192882448 186
1781251265956 1.7370200933412063 187
