1780883966160 0.6602242813933523 1
1780883973759 0.6602242813933523 2
1780883981257 0.6602242813933523 3
1780883988867 0.6602242813933523 4
1780883996300 0.6602242813933523 5
1780884003823 0.6602242813933523 6
1780884011275 0.6602242813933523 7
1780884018731 0.6602242813933523 8
1780884026068 0.6602242813933523 9
1780884033559 0.6602242813933523 10
1780884041250 0.6602242813933523 11
1780884048590 0.6602242813933523 12
1780884056063 0.6602242813933523 13
1780884063537 0.6602242813933523 14
1780884070911 0.6602242813933523 15
1780884078448 0.6602242813933523 16
1780884085928 0.6602242813933523 17
1780884093300 0.6602242813933523 18
1780884100765 0.6602242813933523 19
1780884108203 0.6602242813933523 20
1780884115547 0.6602242813933523 21
1780884123004 0.6602242813933523 22
1780884130419 0.6602242813933523 23
1780884137762 0.6602242813933523 24
1780884145285 0.6602242813933523 25
1780884152763 0.6602242813933523 26
1780884160155 0.6602242813933523 27
1780884167674 0.6602242813933523 28
1780884175134 0.6602242813933523 29
1780884182507 0.6602242813933523 30
1780884190033 0.6602242813933523 31
1780884197522 0.6602242813933523 32
1780884204901 0.6602242813933523 33
1780884212439 0.6602242813933523 34
1780884219901 0.6602242813933523 35
1780884227290 0.6602242813933523 36
1780884234814 0.6602242813933523 37
1780884242322 0.6602242813933523 38
1780884249702 0.6602242813933523 39
1780884257227 0.6602242813933523 40
1780884264724 0.6602242813933523 41
1780884272098 0.6602242813933523 42
1780884279646 0.6602242813933523 43
1780884284472 0.6602242813933523 44
