1780883966159 98.59035326086956 1
1780883973757 98.90455163043478 2
1780883981255 99.44802989130434 3
1780883988866 99.49898097826086 4
1780883996298 99.54144021739131 5
1780884003821 99.72826086956522 6
1780884011274 99.51596467391305 7
1780884018730 99.44802989130434 8
1780884026066 99.76222826086956 9
1780884033557 99.54993206521739 10
1780884041248 99.7961956521739 11
1780884048588 99.70278532608695 12
1780884056061 99.65183423913044 13
1780884063536 99.75373641304348 14
1780884070908 99.87262228260869 15
1780884078446 99.36311141304348 16
1780884085926 99.29517663043478 17
1780884093298 99.71976902173914 18
1780884100764 99.56691576086956 19
1780884108201 99.78770380434783 20
1780884115545 99.66881793478261 21
1780884123003 99.51596467391305 22
1780884130418 99.6008831521739 23
1780884137760 99.82167119565217 24
1780884145284 99.24422554347827 25
1780884152762 99.59239130434783 26
1780884160153 99.6178668478261 27
1780884167672 99.75373641304348 28
1780884175132 99.7961956521739 29
1780884182505 99.54993206521739 30
1780884190031 99.71976902173914 31
1780884197521 99.73675271739131 32
1780884204899 99.55842391304348 33
1780884212436 99.85563858695652 34
1780884219900 99.90658967391305 35
1780884227288 99.73675271739131 36
1780884234812 99.85563858695652 37
1780884242320 99.8131793478261 38
1780884249700 99.78770380434783 39
1780884257225 99.85563858695652 40
1780884264722 99.66032608695652 41
1780884272096 99.8046875 42
1780884279644 99.6178668478261 43
1780884284471 99.90658967391305 44
