1780706115947 8.418559439347305 1
1780706119374 7.023291783709919 2
1780706122790 5.859271747679383 3
1780706126215 4.888173020631514 4
1780706129640 4.078021383646073 5
1780706133056 3.4021419322277042 6
1780706136456 2.8382807832835533 7
1780706139907 2.3678723478422845 8
1780706143370 1.9754280438701732 9
1780706146808 1.648026322054359 10
1780706150243 1.3748872132355505 11
1780706153679 1.1470173891168394 12
1780706157207 0.9569140495824869 13
1780706160818 0.7983178868747552 14
1780706164425 0.666006992772487 15
