1780706115945 0.5793369293212891 1
1780706119373 3.7075820922851563 2
1780706122788 3.580337905883789 3
1780706126213 3.823307418823242 4
1780706129639 4.379622268676758 5
1780706133054 4.426633071899414 6
1780706136455 4.5132488250732425 7
1780706139905 4.6167747497558596 8
1780706143368 4.5432373046875 9
1780706146806 4.629383087158203 10
1780706150241 4.2130287170410154 11
1780706153677 3.5586910247802734 12
1780706157206 3.3087974548339845 13
1780706160816 1.488088035583496 14
1780706164423 1.3324697494506836 15
