1780710815459 0.6604486390020734 1
1780710818796 0.6604486390020734 2
1780710822184 0.6604486390020734 3
1780710825403 0.6604486390020734 4
1780710828775 0.6604486390020734 5
1780710832156 0.6604486390020734 6
1780710835338 0.6604486390020734 7
1780710838667 0.6604486390020734 8
1780710841855 0.6604486390020734 9
1780710845185 0.6604486390020734 10
1780710848360 0.6604486390020734 11
1780710851750 0.6604486390020734 12
1780710855077 0.6604486390020734 13
1780710858252 0.6604486390020734 14
1780710861429 0.6604486390020734 15
1780710864628 0.6604486390020734 16
1780710867848 0.6604486390020734 17
1780710871057 0.6604486390020734 18
1780710874255 0.6604486390020734 19
1780710877463 0.6604486390020734 20
1780710880673 0.6604486390020734 21
1780710884104 0.6604486390020734 22
1780710887282 0.6604486390020734 23
1780710890458 0.6604486390020734 24
1780710893894 0.6604486390020734 25
1780710897076 0.6604486390020734 26
1780710900250 0.6604486390020734 27
1780710903445 0.6604486390020734 28
1780710906897 0.6604486390020734 29
1780710910077 0.6604486390020734 30
1780710913255 0.6604486390020734 31
1780710916448 0.6604486390020734 32
1780710919665 0.6604486390020734 33
1780710922880 0.6604486390020734 34
1780710926084 0.6604486390020734 35
1780710929284 0.6604486390020734 36
1780710932488 0.6604486390020734 37
1780710935698 0.6604486390020734 38
1780710939134 0.6604486390020734 39
1780710942310 0.6604486390020734 40
1780710945485 0.6604486390020734 41
1780710948675 0.6604486390020734 42
1780710951890 0.6604486390020734 43
1780710955101 0.6604486390020734 44
1780710958303 0.6604486390020734 45
1780710961503 0.6604486390020734 46
1780710964712 0.6604486390020734 47
1780710967919 0.6604486390020734 48
1780710971119 0.6604486390020734 49
1780710974320 0.6604486390020734 50
