1780710815457 1.4213504791259766 1
1780710818794 0.24297401905059815 2
1780710822183 0.1804473876953125 3
1780710825401 0.40631890296936035 4
1780710828773 0.12768101692199707 5
1780710832154 0.11748274564743041 6
1780710835336 0.1252322316169739 7
1780710838665 0.0834186315536499 8
1780710841853 0.15737920999526978 9
1780710845182 0.08329457640647889 10
1780710848358 0.105331289768219 11
1780710851748 0.062855464220047 12
1780710855075 0.056738251447677614 13
1780710858251 0.07850810289382934 14
1780710861427 0.12242735624313354 15
1780710864625 0.051828247308731076 16
1780710867845 0.04797379672527313 17
1780710871054 0.27580814361572265 18
1780710874253 0.035466918349266054 19
1780710877460 0.03626109361648559 20
1780710880670 0.021650233864784242 21
1780710884101 0.01765718460083008 22
1780710887280 0.02945685088634491 23
1780710890456 0.13894952535629274 24
1780710893891 0.029573357105255126 25
1780710897074 0.02657060921192169 26
1780710900248 0.02656882405281067 27
1780710903442 0.015139079093933106 28
1780710906893 0.012092746049165725 29
1780710910075 0.05414026975631714 30
1780710913253 0.029471364617347718 31
1780710916446 0.02056909501552582 32
1780710919661 0.04259892404079437 33
1780710922876 0.012047622352838516 34
1780710926082 0.02231728136539459 35
1780710929282 0.05489265322685242 36
1780710932485 0.01357976347208023 37
1780710935695 0.02225554883480072 38
1780710939131 0.015188327431678772 39
1780710942308 0.007071391493082046 40
1780710945483 0.016130849719047546 41
1780710948672 0.07225196361541748 42
1780710951886 0.0027793845161795615 43
1780710955098 0.06960867047309875 44
1780710958300 0.028929305076599122 45
1780710961500 0.06462374329566956 46
1780710964708 0.14851324558258056 47
1780710967916 0.07548502087593079 48
1780710971117 0.008287033438682556 49
1780710974317 0.003515920415520668 50
