1780710815458 50.66406249999999 1
1780710818795 90.1953125 2
1780710822183 92.91015625 3
1780710825402 82.20703125 4
1780710828774 94.7265625 5
1780710832155 95.41015625 6
1780710835337 94.86328125 7
1780710838666 96.6796875 8
1780710841854 93.18359375 9
1780710845184 96.89453125 10
1780710848359 95.703125 11
1780710851749 97.5390625 12
1780710855076 98.0078125 13
1780710858251 96.8359375 14
1780710861428 95.2734375 15
1780710864626 98.046875 16
1780710867846 98.1640625 17
1780710871055 90.01953125 18
1780710874254 98.828125 19
1780710877461 98.69140625 20
1780710880671 99.375 21
1780710884102 99.47265625 22
1780710887281 98.9453125 23
1780710890457 94.35546875 24
1780710893892 98.90625 25
1780710897074 98.984375 26
1780710900249 99.04296875 27
1780710903443 99.4921875 28
1780710906894 99.66796875 29
1780710910076 97.890625 30
1780710913254 98.8671875 31
1780710916446 99.1796875 32
1780710919662 98.6328125 33
1780710922877 99.609375 34
1780710926082 99.08203125 35
1780710929283 97.65625 36
1780710932486 99.5703125 37
1780710935696 99.1796875 38
1780710939132 99.4140625 39
1780710942308 99.765625 40
1780710945484 99.47265625 41
1780710948673 97.4609375 42
1780710951887 99.90234375 43
1780710955099 97.8515625 44
1780710958301 98.92578125 45
1780710961501 97.6171875 46
1780710964710 94.78515625 47
1780710967917 97.36328125 48
1780710971117 99.6875 49
1780710974318 99.921875 50
