1780710129029 9.871720115792458 1
1780710132410 9.73846602312333 2
1780710135815 9.607010669985385 3
1780710139235 9.477329775969402 4
1780710142654 9.349399388416924 5
1780710146058 9.223195877996107 6
1780710149460 9.098695934337265 7
1780710152870 8.97587656172734 8
1780710156282 8.854715074862488 9
1780710159688 8.735189094657999 10
1780710163097 8.617276544114779 11
1780710166502 8.500955644241614 12
1780710169912 8.386204910032514 13
1780710173323 8.273003146498311 14
1780710176734 8.161329444751857 15
1780710180144 8.051163178146055 16
1780710183549 7.942483998464022 17
1780710186962 7.835271832160679 18
1780710190373 7.729506876655075 19
1780710193780 7.625169596672762 20
1780710197197 7.522240720637536 21
1780710200615 7.420701237111888 22
1780710204020 7.320532391285504 23
1780710207425 7.221715681511169 24
1780710210836 7.124232855887427 25
1780710214246 7.028065908887363 26
1780710217653 6.93319707803291 27
1780710221063 6.839608840614027 28
1780710224474 6.747283910452188 29
1780710227888 6.656205234707526 30
1780710231293 6.566355990729111 31
1780710234707 6.477719582947724 32
1780710238108 6.390279639810574 33
1780710241513 6.304020010757405 34
1780710244922 6.218924763237407 35
1780710248344 6.134978179766401 36
1780710251764 6.052164755023752 37
1780710255178 5.970469192988459 38
1780710258581 5.889876404113914 39
1780710262022 5.810371502540789 40
1780710265424 5.731939803347555 41
1780710268828 5.654566819838102 42
1780710272242 5.578238260865986 43
1780710275653 5.502940028194785 44
1780710279058 5.42865821389409 45
1780710282464 5.3553790977706495 46
1780710285875 5.283089144834179 47
1780710289288 5.2117750027973955 48
1780710292699 5.14142349960978 49
1780710296115 5.072021641024648 50
1780710299519 5.003556608199041 51
1780710302924 4.93601575532604 52
1780710306333 4.869386607299015 53
1780710309742 4.8036568574074225 54
1780710313154 4.738814365063698 55
1780710316567 4.674847153560831 56
1780710319983 4.611743407860217 57
1780710323387 4.5494914724093585 58
1780710326791 4.488079848989038 59
1780710330205 4.42749719458954 60
1780710333615 4.367732319315543 61
1780710337021 4.308774184319299 62
1780710340439 4.250611899761707 63
1780710343845 4.193234722800904 64
1780710347242 4.136632055608017 65
1780710350648 4.080793443409698 66
1780710354055 4.025708572557073 67
1780710357481 3.971367268620767 68
1780710360895 3.917759494511639 69
1780710364301 3.8648753486268865 70
1780710367706 3.812705063021173 71
1780710371114 3.7612390016024437 72
1780710374534 3.7104676583520946 73
1780710377942 3.6603816555691675 74
1780710381347 3.610971742138246 75
1780710384755 3.562228791820731 76
1780710388171 3.5141438015691797 77
1780710391583 3.466707889864409 78
1780710394987 3.419912295075029 79
1780710398431 3.373748373839136 80
1780710401833 3.3282075994678406 81
1780710405234 3.283281560370349 82
1780710408696 3.238961958500304 83
1780710412132 3.1952406078230986 84
1780710415559 3.1521094328038766 85
1780710418995 3.1095604669159425 86
1780710422433 3.0675858511693117 87
1780710425870 3.0261778326591147 88
1780710429314 2.9853287631336007 89
1780710432747 2.9450310975814724 90
1780710436183 2.905277392838286 91
1780710439622 2.866060306211664 92
1780710443055 2.827372594125068 93
1780710446493 2.7892071107798735 94
1780710449931 2.7515568068355116 95
1780710453366 2.7144147281074216 96
1780710456799 2.677774014282581 97
1780710460239 2.641627897652374 98
1780710463678 2.605969701862565 99
1780710467112 2.5707928406801446 100
1780710470551 2.5360908167768237 101
1780710473987 2.501857220528944 102
1780710477425 2.4680857288335956 103
1780710480859 2.434770103940705 104
1780710484304 2.401904192300898 105
1780710487739 2.3694819234289097 106
1780710491138 2.33749730878234 107
1780710494554 2.305944440655536 108
1780710498015 2.2748174910884176 109
1780710501457 2.244110710790026 110
1780710504892 2.2138184280766002 111
1780710508325 2.1839350478239923 112
1780710511764 2.1544550504342226 113
1780710515199 2.125372990815985 114
1780710518644 2.096683497378911 115
1780710522091 2.068381271041416 116
1780710525551 2.040461084251931 117
1780710528995 2.0129177800233515 118
1780710532432 1.9857462709805185 119
1780710535879 1.9589415384205564 120
1780710539300 1.932498631385895 121
1780710542728 1.9064126657498048 122
1780710546186 1.8806788233142777 123
1780710549587 1.8552923509200823 124
1780710552999 1.8302485595688336 125
1780710556470 1.805542823556914 126
1780710559915 1.7811705796210842 127
1780710563306 1.7571273260956268 128
1780710566743 1.7334086220808698 129
1780710570137 1.7100100866229295 130
1780710573573 1.68692739790453 131
1780710577002 1.6641562924467443 132
1780710580429 1.6416925643215055 133
1780710583854 1.6195320643747588 134
1780710587239 1.5976706994600895 135
1780710590634 1.5761044316827015 136
1780710594111 1.5548292776535995 137
1780710597568 1.5338413077538373 138
1780710601001 1.5131366454087014 139
1780710604403 1.492711466371688 140
1780710607802 1.4725619980181481 141
1780710611263 1.4526845186484656 142
1780710614668 1.4330753568006416 143
1780710618067 1.4137308905721613 144
1780710621551 1.3946475469510087 145
1780710624971 1.3758218011557162 146
1780710628412 1.3572501759843216 147
1780710631859 1.3389292411721128 148
1780710635295 1.3208556127580404 149
1780710638695 1.3030259524596874 150
1780710642114 1.2854369670566703 151
1780710645543 1.268085407782368 152
1780710648989 1.2509680697238592 153
1780710652438 1.2340817912299593 154
1780710655881 1.2174234533272503 155
1780710659319 1.2009899791439906 156
1780710662729 1.1847783333418045 157
1780710666144 1.1687855215550378 158
1780710669606 1.1530085898376896 159
1780710673038 1.1374446241178007 160
1780710676499 1.1220907496592125 161
1780710679984 1.106944130530591 162
1780710683438 1.0920019690816152 163
1780710686891 1.0772615054262402 164
1780710690351 1.0627200169329323 165
1780710693799 1.0483748177217862 166
1780710697254 1.034223258168432 167
1780710700712 1.0202627244146365 168
1780710704164 1.0064906378855107 169
1780710707727 0.9929044548132366 170
1780710711173 0.9795016657672211 171
1780710714629 0.9662797951905923 172
1780710718098 0.9532364009429528 173
1780710721553 0.9403690738493055 174
1780710725006 0.9276754372550676 175
1780710728458 0.9151531465870912 176
1780710731922 0.902799888920611 177
1780710735392 0.8906133825520347 178
1780710738852 0.8785913765775037 179
1780710742295 0.8667316504771393 180
1780710745755 0.8550320137049032 181
1780710749211 0.8434903052839938 182
1780710752658 0.8321043934077026 183
1780710756123 0.820872175045661 184
1780710759572 0.8097915755554006 185
1780710763030 0.7988605482991564 186
1780710766470 0.788077074265845 187
1780710769911 0.7774391616981419 188
1780710773353 0.766944845724596 189
1780710776926 0.756592187996709 190
1780710780348 0.7463792763309128 191
1780710783905 0.7363042243553806 192
1780710787336 0.7263651711616053 193
1780710790794 0.7165602809606814 194
1780710794234 0.7068877427442262 195
1780710797673 0.6973457699498781 196
1780710801117 0.6879326001313103 197
1780710804770 0.6786464946326989 198
1780710808198 0.6694857382675854 199
1780710811698 0.6604486390020734 200
