1780710129027 1.3304106712341308 1
1780710132409 4.531246566772461 2
1780710135812 80.19338989257812 3
1780710139233 114.69267578125 4
1780710142652 66.15000610351562 5
1780710146056 87.4524658203125 6
1780710149458 65.96114501953124 7
1780710152868 67.65978393554687 8
1780710156280 64.20286865234375 9
1780710159686 64.058935546875 10
1780710163095 54.37723388671875 11
1780710166500 72.61946411132813 12
1780710169909 51.2435302734375 13
1780710173320 51.77921752929687 14
1780710176732 49.364749145507815 15
1780710180142 58.325018310546874 16
1780710183547 59.0884521484375 17
1780710186960 38.881805419921875 18
1780710190371 37.88562927246094 19
1780710193778 38.53748779296875 20
1780710197194 35.58024291992187 21
1780710200613 32.79884033203125 22
1780710204018 43.18416137695313 23
1780710207422 35.64738464355469 24
1780710210833 33.77590637207031 25
1780710214244 26.37183837890625 26
1780710217651 24.819244384765625 27
1780710221061 32.0218505859375 28
1780710224472 13.417991638183594 29
1780710227885 23.7169677734375 30
1780710231291 26.324932861328126 31
1780710234705 21.911174011230468 32
1780710238106 21.688775634765626 33
1780710241511 24.356356811523437 34
1780710244920 19.355009460449217 35
1780710248341 31.953509521484374 36
1780710251762 25.733505249023438 37
1780710255177 31.24208984375 38
1780710258579 18.14110870361328 39
1780710262020 14.804728698730468 40
1780710265423 18.45720672607422 41
1780710268826 11.95143814086914 42
1780710272239 15.062022399902343 43
1780710275651 16.51135711669922 44
1780710279056 16.380226135253906 45
1780710282462 17.383644104003906 46
1780710285872 13.695314025878906 47
1780710289286 23.17999725341797 48
1780710292697 25.772369384765625 49
1780710296113 26.86021728515625 50
1780710299517 8.578437805175781 51
1780710302922 16.995281982421876 52
1780710306331 18.728396606445312 53
1780710309740 15.19597930908203 54
1780710313151 18.26311340332031 55
1780710316565 13.488607788085938 56
1780710319981 10.553858947753906 57
1780710323386 9.584980010986328 58
1780710326789 13.989300537109376 59
1780710330203 13.860798645019532 60
1780710333613 12.05079345703125 61
1780710337019 16.48182373046875 62
1780710340436 9.846483612060547 63
1780710343843 12.654135131835938 64
1780710347240 12.891921997070312 65
1780710350645 10.179173278808594 66
1780710354053 12.584071350097656 67
1780710357479 16.87003173828125 68
1780710360892 12.299706268310548 69
1780710364299 9.525331115722656 70
1780710367704 11.967564392089844 71
1780710371112 12.22777099609375 72
1780710374532 6.368317794799805 73
1780710377940 16.088580322265624 74
1780710381345 11.047126770019531 75
1780710384752 12.758609771728516 76
1780710388169 9.133751678466798 77
1780710391580 6.521757507324219 78
1780710394985 8.660165405273437 79
1780710398429 11.96763916015625 80
1780710401831 6.475350189208984 81
1780710405231 6.8876708984375 82
1780710408694 17.586488342285158 83
1780710412130 17.238729858398436 84
1780710415557 16.348568725585938 85
1780710418993 12.535916137695313 86
1780710422431 9.203614807128906 87
1780710425868 11.005545043945313 88
1780710429312 7.971086883544922 89
1780710432745 10.244432830810547 90
1780710436181 8.279400634765626 91
1780710439620 8.282366180419922 92
1780710443054 9.847095489501953 93
1780710446491 6.197886276245117 94
1780710449929 6.381036376953125 95
1780710453364 7.472023773193359 96
1780710456797 7.6782371520996096 97
1780710460237 6.4514404296875 98
1780710463676 6.612342834472656 99
1780710467110 7.724967956542969 100
1780710470550 7.330142974853516 101
1780710473986 6.569237518310547 102
1780710477423 3.6753116607666017 103
1780710480857 3.879627227783203 104
1780710484302 6.178486251831055 105
1780710487737 5.301073455810547 106
1780710491137 4.138140869140625 107
1780710494552 3.6537052154541017 108
1780710498012 3.3420013427734374 109
1780710501455 3.543117141723633 110
1780710504890 4.183836364746094 111
1780710508324 4.584784317016601 112
1780710511762 5.710781097412109 113
1780710515197 4.706859970092774 114
1780710518642 4.885701751708984 115
1780710522088 4.7544708251953125 116
1780710525549 3.9795867919921877 117
1780710528993 6.198431396484375 118
1780710532431 4.41581916809082 119
1780710535877 4.531247329711914 120
1780710539298 5.924317932128906 121
1780710542726 3.937333679199219 122
1780710546184 4.370751190185547 123
1780710549586 3.5623573303222655 124
1780710552997 3.3315032958984374 125
1780710556467 4.644593048095703 126
1780710559913 5.484266662597657 127
1780710563304 3.513950729370117 128
1780710566741 3.418951416015625 129
1780710570135 5.821041870117187 130
1780710573571 3.9331111907958984 131
1780710577001 3.9788539886474608 132
1780710580427 5.445967102050782 133
1780710583852 5.241107559204101 134
1780710587238 3.5608745574951173 135
1780710590632 3.6915813446044923 136
1780710594108 4.029904174804687 137
1780710597566 4.205258178710937 138
1780710600999 3.9365165710449217 139
1780710604401 3.977904510498047 140
1780710607800 3.2925914764404296 141
1780710611261 3.0030496597290037 142
1780710614666 3.394948959350586 143
1780710618065 4.177540588378906 144
1780710621549 3.514017105102539 145
1780710624969 3.613388442993164 146
1780710628410 3.48236083984375 147
1780710631857 3.2241256713867186 148
1780710635294 2.786805534362793 149
1780710638693 2.9080053329467774 150
1780710642112 3.110362243652344 151
1780710645540 3.3230613708496093 152
1780710648987 3.761053466796875 153
1780710652436 3.1281734466552735 154
1780710655879 3.238564682006836 155
1780710659317 3.0620277404785154 156
1780710662727 4.009330749511719 157
1780710666142 2.693651580810547 158
1780710669604 2.714727020263672 159
1780710673036 2.628447723388672 160
1780710676496 3.0685447692871093 161
1780710679982 2.6272914886474608 162
1780710683436 3.247637176513672 163
1780710686890 2.1439289093017577 164
1780710690349 3.639738082885742 165
1780710693797 5.151458740234375 166
1780710697252 2.7486492156982423 167
1780710700710 2.835820198059082 168
1780710704162 2.7581527709960936 169
1780710707726 2.4172031402587892 170
1780710711171 2.368414115905762 171
1780710714627 3.501413345336914 172
1780710718096 2.731313705444336 173
1780710721551 2.4632713317871096 174
1780710725004 2.6427770614624024 175
1780710728456 2.465682029724121 176
1780710731919 2.6898658752441404 177
1780710735391 2.6516822814941405 178
1780710738850 2.4041643142700195 179
1780710742293 2.2846288681030273 180
1780710745754 2.205562973022461 181
1780710749209 2.036041831970215 182
1780710752656 2.8279523849487305 183
1780710756121 2.1788309097290037 184
1780710759571 2.5669918060302734 185
1780710763028 2.302608871459961 186
1780710766469 2.669770431518555 187
1780710769908 1.9603740692138671 188
1780710773351 2.0877269744873046 189
1780710776924 1.8386524200439454 190
1780710780346 2.129710388183594 191
1780710783904 2.205178451538086 192
1780710787334 1.576883029937744 193
1780710790792 2.0430055618286134 194
1780710794233 1.819586181640625 195
1780710797671 1.9126665115356445 196
1780710801115 1.9631019592285157 197
1780710804768 2.2870456695556642 198
1780710808197 1.5418387413024903 199
1780710811696 1.7977121353149415 200
