1780710129028 63.2421875 1
1780710132409 57.05078125000001 2
1780710135813 49.74609375 3
1780710139234 49.4921875 4
1780710142652 49.39453125 5
1780710146057 49.5703125 6
1780710149458 49.5703125 7
1780710152869 49.62890625 8
1780710156281 49.39453125 9
1780710159687 49.6484375 10
1780710163095 49.47265625 11
1780710166501 49.7265625 12
1780710169910 49.70703125 13
1780710173321 49.53125 14
1780710176732 49.47265625 15
1780710180143 49.47265625 16
1780710183547 49.39453125 17
1780710186961 49.609375 18
1780710190371 49.375 19
1780710193778 49.5703125 20
1780710197195 49.5703125 21
1780710200613 49.47265625 22
1780710204019 49.58984375 23
1780710207423 49.53125 24
1780710210834 49.8828125 25
1780710214245 49.47265625 26
1780710217652 49.53125 27
1780710221062 49.39453125 28
1780710224473 55.99609375 29
1780710227886 50.07812499999999 30
1780710231291 49.453125 31
1780710234706 51.87500000000001 32
1780710238107 50.56640624999999 33
1780710241512 49.98046875 34
1780710244921 52.55859375000001 35
1780710248342 49.765625 36
1780710251762 49.8828125 37
1780710255177 49.74609375 38
1780710258580 51.6015625 39
1780710262021 56.9921875 40
1780710265423 54.96093749999999 41
1780710268826 60.91796874999999 42
1780710272240 57.30468749999999 43
1780710275652 56.23046874999999 44
1780710279057 56.19140625 45
1780710282463 59.68750000000001 46
1780710285873 61.69921874999999 47
1780710289287 50.41015625000001 48
1780710292697 51.09375000000001 49
1780710296114 50.625 50
1780710299518 66.85546875 51
1780710302922 53.28125 52
1780710306331 53.69140624999999 53
1780710309741 55.8984375 54
1780710313152 53.00781249999999 55
1780710316566 58.57421874999999 56
1780710319982 62.48046874999999 57
1780710323386 63.76953125 58
1780710326790 57.65625 59
1780710330203 55.13671875 60
1780710333614 56.07421875000001 61
1780710337020 57.75390625 62
1780710340437 63.28125 63
1780710343844 59.39453125000001 64
1780710347241 61.2890625 65
1780710350646 61.38671875 66
1780710354054 56.6796875 67
1780710357480 55.87890625000001 68
1780710360893 51.83593749999999 69
1780710364300 57.20703124999999 70
1780710367704 60.91796874999999 71
1780710371113 52.48046875 72
1780710374533 64.94140625 73
1780710377940 50.95703124999999 74
1780710381346 56.2890625 75
1780710384753 56.34765625 76
1780710388169 66.03515625 77
1780710391581 64.3359375 78
1780710394986 61.77734375 79
1780710398430 57.01171874999999 80
1780710401831 65.7421875 81
1780710405232 60.7421875 82
1780710408695 52.1484375 83
1780710412130 50.89843750000001 84
1780710415557 52.94921875000001 85
1780710418994 58.1640625 86
1780710422432 60.66406250000001 87
1780710425868 58.08593749999999 88
1780710429312 62.03125000000001 89
1780710432746 57.55859375 90
1780710436182 62.32421875000001 91
1780710439621 64.31640625 92
1780710443054 58.6328125 93
1780710446492 65.0390625 94
1780710449930 65.1953125 95
1780710453365 60.13671874999999 96
1780710456798 59.53125 97
1780710460237 66.2109375 98
1780710463677 62.3046875 99
1780710467111 59.43359375 100
1780710470550 60.17578125000001 101
1780710473986 61.69921874999999 102
1780710477424 69.2578125 103
1780710480857 68.2421875 104
1780710484303 65.8203125 105
1780710487738 72.32421875 106
1780710491137 70.05859375 107
1780710494553 72.5 108
1780710498013 73.92578125 109
1780710501456 72.12890625 110
1780710504891 68.69140625 111
1780710508324 67.96875 112
1780710511763 65.48828125 113
1780710515198 67.4609375 114
1780710518643 65.87890625 115
1780710522089 68.671875 116
1780710525550 70.8984375 117
1780710528994 69.8046875 118
1780710532431 68.28125 119
1780710535878 68.3984375 120
1780710539299 63.65234374999999 121
1780710542727 71.77734375 122
1780710546185 69.12109375 123
1780710549586 70.09765625 124
1780710552997 65.21484375 125
1780710556468 64.453125 126
1780710559914 67.32421875 127
1780710563305 71.26953125 128
1780710566741 72.5390625 129
1780710570136 68.26171875 130
1780710573571 68.84765625 131
1780710577001 67.1875 132
1780710580427 66.484375 133
1780710583853 68.0078125 134
1780710587238 70.80078125 135
1780710590633 72.3046875 136
1780710594109 73.828125 137
1780710597567 67.32421875 138
1780710601000 69.98046875 139
1780710604402 71.1328125 140
1780710607800 72.67578125 141
1780710611262 72.6953125 142
1780710614666 70.8203125 143
1780710618066 67.91015625 144
1780710621550 71.71875 145
1780710624969 66.8359375 146
1780710628411 70.80078125 147
1780710631857 70.234375 148
1780710635294 69.921875 149
1780710638694 71.73828125 150
1780710642113 68.90625 151
1780710645541 70.2734375 152
1780710648988 69.86328125 153
1780710652436 68.96484375 154
1780710655880 68.1640625 155
1780710659318 69.08203125 156
1780710662727 66.93359375 157
1780710666143 72.109375 158
1780710669605 71.11328125 159
1780710673036 69.7265625 160
1780710676497 75.3515625 161
1780710679982 72.63671875 162
1780710683437 69.90234375 163
1780710686890 69.35546875 164
1780710690350 69.35546875 165
1780710693798 68.88671875 166
1780710697252 70.0390625 167
1780710700711 68.61328125 168
1780710704163 71.09375 169
1780710707726 75.46875 170
1780710711172 68.73046875 171
1780710714628 65.72265625 172
1780710718097 71.640625 173
1780710721552 72.265625 174
1780710725005 68.9453125 175
1780710728457 71.07421875 176
1780710731920 71.015625 177
1780710735391 71.54296875 178
1780710738851 73.1640625 179
1780710742294 73.59375 180
1780710745754 72.9296875 181
1780710749209 75.7421875 182
1780710752657 68.02734375 183
1780710756122 74.4921875 184
1780710759571 71.796875 185
1780710763029 74.0234375 186
1780710766469 71.54296875 187
1780710769909 74.140625 188
1780710773352 73.96484375 189
1780710776925 76.6015625 190
1780710780347 73.18359375 191
1780710783904 76.26953125 192
1780710787335 75.390625 193
1780710790793 75.3515625 194
1780710794233 76.2109375 195
1780710797672 73.41796875 196
1780710801116 75.078125 197
1780710804769 77.265625 198
1780710808197 76.07421875 199
1780710811697 73.5546875 200
