1780879020930 9.848269726542963 1
1780879028765 9.69554691708051 2
1780879036618 9.545192468475113 3
1780879044371 9.397169653186413 4
1780879052348 9.251442313229232 5
1780879060225 9.107974851341167 6
1780879068001 8.966732222287131 7
1780879075967 8.82767992429875 8
1780879083893 8.690783990646509 9
1780879091729 8.556010981342592 10
1780879099661 8.423327974972404 11
1780879107633 8.29270256065274 12
1780879115409 8.1641028301147 13
1780879123330 8.03749736990934 14
1780879131193 7.912855253734224 15
1780879138955 7.790146034878961 16
1780879146909 7.669339738787887 17
1780879154777 7.550406855738096 18
1780879162530 7.433318333631008 19
1780879170476 7.3180455708957215 20
1780879178319 7.204560409502424 21
1780879186076 7.092835128084141 22
1780879193988 6.982842435165154 23
1780879201854 6.87455546249443 24
1780879209620 6.767947758482434 25
1780879217566 6.662993281739706 26
1780879225437 6.55966639471567 27
1780879233217 6.457941857436056 28
1780879241146 6.357794821337459 29
1780879249015 6.25920082319751 30
1780879256795 6.162135779159161 31
1780879264730 6.066575978847656 32
1780879272603 5.972498079578718 33
1780879280568 5.879879100656563 34
1780879288447 5.788696417760341 35
1780879296320 5.698927757417613 36
1780879304100 5.610551191563552 37
1780879312031 5.523545132184502 38
1780879319897 5.437888326044607 39
1780879327675 5.353559849494226 40
1780879335601 5.270539103358837 41
1780879343486 5.188805807907229 42
