1780879020926 88.16774583899456 1
1780879028763 205.78360648777175 2
1780879036616 213.6195015285326 3
1780879044369 247.83969514266303 4
1780879052346 349.9179262907609 5
1780879060223 1669.9753736413043 6
1780879067998 1158.4064198369565 7
1780879075964 960.34765625 8
1780879083891 1349.2944972826087 9
1780879091727 825.9731657608696 10
1780879099659 537.3396314538044 11
1780879107631 1020.3563179347826 12
1780879115407 432.6896654211956 13
1780879123328 440.9546959918478 14
1780879131191 462.9794497282609 15
1780879138953 445.1257218070652 16
1780879146907 382.3488451086956 17
1780879154774 604.7966627038044 18
1780879162528 441.50870414402175 19
1780879170473 774.185886548913 20
1780879178317 358.83364470108694 21
1780879186074 119.99158245584239 22
1780879193986 601.3462126358696 23
1780879201852 399.13718580163044 24
1780879209618 260.84453549592394 25
1780879217563 472.1872452445652 26
1780879225435 336.6559740149456 27
1780879233215 340.7317637567935 28
1780879241143 340.125 29
1780879249013 593.7551800271739 30
1780879256793 279.93393342391306 31
1780879264728 369.3277004076087 32
1780879272601 351.5153914741848 33
1780879280567 274.3291015625 34
1780879288445 304.07895295516306 35
1780879296318 158.4424465013587 36
1780879304097 150.73398225203803 37
1780879312028 210.10334578804347 38
1780879319895 124.12668775475544 39
1780879327673 175.89094344429347 40
1780879335599 277.9665421195652 41
1780879343483 152.47281547214675 42
