1780879020929 69.09816576086956 1
1780879028764 69.10665760869566 2
1780879036616 69.11514945652173 3
1780879044370 69.1321331521739 4
1780879052346 69.08118206521739 5
1780879060223 69.11514945652173 6
1780879067999 69.1321331521739 7
1780879075965 69.140625 8
1780879083892 69.08967391304348 9
1780879091728 69.17459239130434 10
1780879099660 69.18308423913044 11
1780879107632 69.12364130434783 12
1780879115408 69.1321331521739 13
1780879123329 69.1491168478261 14
1780879131192 69.140625 15
1780879138954 69.04721467391305 16
1780879146907 69.08118206521739 17
1780879154775 69.11514945652173 18
1780879162528 69.140625 19
1780879170474 69.15760869565217 20
1780879178318 69.12364130434783 21
1780879186075 69.17459239130434 22
1780879193987 69.11514945652173 23
1780879201853 69.18308423913044 24
1780879209618 69.1491168478261 25
1780879217564 69.01324728260869 26
1780879225436 69.07269021739131 27
1780879233216 69.1321331521739 28
1780879241144 69.16610054347827 29
1780879249014 69.16610054347827 30
1780879256794 69.21705163043478 31
1780879264729 69.15760869565217 32
1780879272602 69.08967391304348 33
1780879280567 69.19157608695652 34
1780879288445 69.08967391304348 35
1780879296319 69.11514945652173 36
1780879304098 69.09816576086956 37
1780879312029 69.12364130434783 38
1780879319895 69.1491168478261 39
1780879327673 69.09816576086956 40
1780879335600 69.17459239130434 41
1780879343484 69.15760869565217 42
