1780928146229 0.025200195090715274 1
1780928163076 0.013115403264067894 2
1780928179343 0.015313729297283083 3
1780928195471 0.016483464906382007 4
1780928212024 0.00995107376298239 5
1780928228321 0.011309294506560924 6
1780928244633 0.010440784831379736 7
1780928260736 0.009996906962505606 8
1780928276799 0.013334371322809263 9
1780928292875 0.008636688770249833 10
1780928308972 0.027079158051069394 11
1780928325112 0.014276573824328046 12
1780928341267 0.009373985750730647 13
1780928357417 0.010332525469536004 14
1780928373530 0.00858070268187412 15
1780928389649 0.010730344195698583 16
1780928405736 0.007461079331331475 17
1780928422109 0.007163581460021263 18
1780928438213 0.008202504280001618 19
1780928454303 0.00895432053610336 20
1780928470656 0.006914573353390361 21
1780928486772 0.0067004020823988805 22
1780928502895 0.008674375539602236 23
1780928519004 0.009135001620580984 24
1780928535481 0.007087788609571235 25
1780928551798 0.00884204479150994 26
1780928568076 0.008311838604683099 27
1780928584173 0.006420171538064646 28
1780928600291 0.007024718578471694 29
1780928616383 0.021436554054881252 30
1780928632486 0.01110523869824964 31
1780928648580 0.009207642355630563 32
1780928664657 0.007911193509434545 33
1780928680797 0.010985935843268107 34
1780928696907 0.0077406514522641206 35
1780928713005 0.0056911949501481165 36
1780928729125 0.006359132223351057 37
1780928745269 0.007482442744942599 38
1780928761383 0.012006937071334484 39
1780928777508 0.007096847822499829 40
1780928793647 0.0074445750824240755 41
1780928809748 0.0058383463427077896 42
1780928825859 0.005600985052973725 43
1780928841957 0.0060334399689075556 44
1780928858131 0.005970131519228913 45
1780928874213 0.004532429714535558 46
1780928884304 0.005067096200100211 47
