1780924938554 2.9362881682639896 1
1780924955781 50.43810751271803 2
1780924972840 81.90680641351744 3
1780924989938 54.39354333212209 4
1780925007081 113.52629905523256 5
1780925024620 222.0532340116279 6
1780925042356 119.00876635174419 7
1780925059625 152.0603765443314 8
1780925076901 85.38872297420058 9
1780925094328 42.68065554596657 10
1780925111509 8.514715150345204 11
1780925128575 11.712266079215116 12
1780925145746 8.787877282430959 13
1780925162988 13.566800849382268 14
1780925180668 6.117935535519622 15
1780925198280 11.957865870276162 16
1780925215672 7.3596581747365555 17
1780925232799 7.880405159883721 18
1780925249965 2.0838621272597204 19
1780925267020 2.8790054321289062 20
1780925284068 2.876706145530523 21
1780925301469 3.378562749818314 22
1780925318560 2.1847693864689317 23
1780925336018 2.0674937048623727 24
1780925353144 2.8220106612804323 25
1780925370268 2.8666293122047604 26
1780925387526 2.8060448225154433 27
1780925404737 2.189274455225745 28
1780925422186 1.2714009839434957 29
1780925439674 3.641630305800327 30
1780925457278 3.148950975994731 31
1780925474379 4.5233612060546875 32
1780925491470 2.9489018639852835 33
1780925508527 2.062136450479197 34
1780925525590 3.6970271620639537 35
1780925542648 1.9945785167605379 36
1780925560067 2.3938291682753454 37
1780925577594 2.2414117857467297 38
1780925594675 2.958302697470022 39
1780925612044 3.810707979424055 40
1780925629196 0.8847506323526072 41
1780925646358 1.3029470221940862 42
1780925663468 1.777585229208303 43
1780925680750 1.455937762593114 44
1780925698081 4.147327511809593 45
1780925715358 1.6216638254564861 46
1780925732587 2.733981820039971 47
1780925749697 2.7194235158521076 48
1780925767211 6.004840939543968 49
1780925784426 4.9223277956940406 50
1780925801850 2.528915227845658 51
1780925818985 3.846209858739099 52
1780925836194 3.151667040447856 53
1780925853724 1.305578542310138 54
1780925871122 1.1933118243550145 55
1780925888154 2.131364334461301 56
1780925905379 2.1591009095657703 57
1780925922509 4.563237744708394 58
1780925939980 4.239526793014171 59
1780925957167 2.768134538517442 60
1780925974234 4.692837737327398 61
1780925991323 4.454020300576853 62
1780926008480 3.3317718505859375 63
1780926025817 2.7953246360601383 64
1780926043172 4.50513617936955 65
1780926060217 4.24483827103016 66
1780926077259 7.022087629451308 67
1780926094340 3.6314331764398617 68
1780926111503 2.582792415175327 69
1780926128612 2.5731722809547604 70
1780926145825 2.129694384197856 71
1780926162922 4.27086479719295 72
1780926179995 4.975941502770712 73
1780926197037 5.165645155795785 74
1780926214077 5.157363181890443 75
1780926231571 6.558606524800146 76
1780926248926 3.4441652519758357 77
1780926265998 3.3828064674554867 78
1780926283109 8.238723400027252 79
1780926300150 5.25810028785883 80
1780926317178 3.4261339764262355 81
1780926334384 7.457427268804506 82
1780926352023 5.347189260083575 83
1780926369298 4.679073599881904 84
1780926386414 5.8592138955759445 85
1780926403619 1.0874177799668423 86
1780926420759 5.368708056072856 87
1780926437842 5.008364655250727 88
1780926455051 6.318082587663517 89
1780926472217 7.3160890091297235 90
1780926489311 4.39303979208303 91
1780926506465 1.4195793506711027 92
1780926523575 3.8609172022619913 93
1780926540658 2.7859252219976383 94
1780926557728 2.772864763126817 95
1780926574791 1.5441372893577399 96
1780926591878 1.1623089812522711 97
1780926608973 2.3384803949400434 98
1780926626071 1.9503425775572312 99
1780926643164 1.837710180947947 100
1780926660211 1.8922349796738736 101
1780926677272 3.95660400390625 102
1780926694347 1.235798059507858 103
1780926711428 1.6296959810478742 104
1780926728513 2.037569800088572 105
1780926745598 1.2387252630189407 106
1780926762726 1.5356613868890807 107
1780926779952 2.3628518747728924 108
1780926797009 3.2812209018441134 109
1780926814059 1.070532155591388 110
1780926831135 4.174196819926417 111
1780926848405 3.0656944097474566 112
1780926865525 2.205239229424055 113
1780926882667 1.2644148538278979 114
1780926899781 2.6531065120253454 115
1780926916961 0.4506447814231695 116
1780926934120 0.8713017840718114 117
1780926951210 0.6563965997030569 118
1780926968294 0.4896806672562 119
1780926985519 1.055612608443859 120
1780927002667 0.8082274503486101 121
1780927019782 0.6068571667338527 122
1780927036912 1.0822040646575217 123
1780927053995 1.8945300080055414 124
1780927071063 3.4186333944631175 125
1780927088146 0.4502114584279615 126
1780927105237 0.3175237345141034 127
1780927122293 0.8502091696096021 128
1780927139519 0.6351532603419104 129
1780927156613 1.1263420637263808 130
1780927173678 0.5404189353765443 131
1780927190741 1.142320056294286 132
1780927207811 0.39382291394610736 133
1780927225330 0.5593476406363553 134
1780927242567 0.7731793425803961 135
1780927259636 0.8312445352243822 136
1780927276693 0.79776435674623 137
1780927293944 0.7756720254587572 138
1780927311055 1.0514497091603834 139
1780927328153 0.34276279183321223 140
1780927345229 0.6943509301473928 141
1780927362302 0.6551947926366052 142
1780927379405 0.3167679808860601 143
1780927396494 0.6363505873569223 144
1780927413584 0.14236249480136606 145
1780927430683 0.9564760784770168 146
1780927447769 0.3773691931436228 147
1780927464876 0.5219180972077125 148
1780927482774 0.5145618527434593 149
1780927500412 0.4565086808315543 150
1780927517614 0.6117247204447902 151
1780927534696 0.45549445928529253 152
1780927551784 0.9941316648971202 153
1780927568969 0.9818197738292606 154
1780927586336 1.4523790936137355 155
1780927603553 0.505998877591865 156
1780927620947 0.9605549657067587 157
1780927638437 0.8119400379269622 158
1780927655519 0.9519651546034702 159
1780927672578 3.1279424623001453 160
1780927689656 0.8239173889160156 161
1780927706735 1.25850136335506 162
1780927723839 1.312425923901935 163
1780927741248 1.0399365092432775 164
1780927759008 0.8302574157714844 165
1780927776660 1.2388289695562318 166
1780927794008 2.5403218823809954 167
1780927811666 2.0623947853265805 168
1780927828855 1.240179461102153 169
1780927846656 0.7269501353419104 170
1780927864028 1.2235627285269803 171
1780927881124 0.903722275135129 172
1780927898205 0.9955236745435138 173
1780927915520 0.4871550271677416 174
1780927932658 0.9522642091263173 175
1780927949735 1.0588635289391806 176
1780927966911 0.6795860113099564 177
1780927984112 1.276657636775527 178
1780928001245 1.4051081635231195 179
1780928018387 0.8951596104821493 180
1780928035990 1.0653014072152072 181
1780928053845 1.5161212655000909 182
1780928071773 1.9798624792764352 183
1780928089220 1.5136457931163698 184
1780928106640 1.4923997036246366 185
1780928124287 1.0456217388774074 186
1780928128758 1.0027232502782069 187
