1780887386655 99.38009510869566 1
1780887394046 99.12533967391305 2
1780887401534 99.25271739130434 3
1780887408927 99.35461956521739 4
1780887416507 99.66881793478261 5
1780887423808 99.59239130434783 6
1780887431293 99.54993206521739 7
1780887438689 99.77921195652173 8
1780887445994 99.65183423913044 9
1780887453486 99.55842391304348 10
1780887460882 99.66881793478261 11
1780887468192 99.4225543478261 12
1780887475685 99.74524456521739 13
1780887483084 99.14232336956522 14
1780887490395 99.64334239130434 15
1780887497898 99.6008831521739 16
1780887505289 99.66881793478261 17
1780887512591 99.78770380434783 18
1780887520083 99.6178668478261 19
1780887527482 99.69429347826086 20
1780887534786 99.72826086956522 21
1780887542290 99.75373641304348 22
1780887549688 99.74524456521739 23
1780887556993 99.6008831521739 24
1780887564484 99.66032608695652 25
1780887571910 99.69429347826086 26
1780887579218 99.609375 27
1780887586927 99.82167119565217 28
1780887594307 99.70278532608695 29
1780887601613 99.85563858695652 30
1780887609105 99.70278532608695 31
1780887616502 99.65183423913044 32
1780887623801 99.75373641304348 33
1780887631306 99.73675271739131 34
1780887638696 99.74524456521739 35
1780887645996 99.84714673913044 36
1780887653470 99.8046875 37
1780887660866 99.70278532608695 38
1780887668171 99.63485054347827 39
1780887675663 99.75373641304348 40
1780887683054 99.7961956521739 41
1780887690357 99.8131793478261 42
1780887697855 99.609375 43
1780887702607 99.85563858695652 44
