1780886006710 69.08967391304348 1
1780886014640 69.09816576086956 2
1780886022472 66.22792119565217 3
1780886030400 20.966372282608695 4
1780886038322 69.07269021739131 5
1780886046139 69.10665760869566 6
1780886054110 69.12364130434783 7
1780886062028 28.158967391304344 8
1780886069858 69.08118206521739 9
1780886077793 69.16610054347827 10
1780886085704 69.17459239130434 11
1780886093524 69.11514945652173 12
1780886101448 69.12364130434783 13
1780886109420 69.140625 14
1780886117271 69.1321331521739 15
1780886125257 69.03872282608695 16
1780886133281 69.07269021739131 17
1780886141186 69.10665760869566 18
1780886149190 69.1321331521739 19
1780886157184 69.1491168478261 20
1780886165030 37.78872282608695 21
1780886173007 64.69089673913044 22
1780886180959 32.57472826086957 23
1780886188799 78.67697010869566 24
1780886196746 79.8743206521739 25
1780886204685 69.02173913043478 26
1780886212500 58.33050271739131 27
1780886220441 69.23403532608695 28
1780886228359 69.15760869565217 29
1780886236176 69.10665760869566 30
1780886244123 75.43308423913044 31
1780886252101 69.55672554347827 32
1780886259967 69.08118206521739 33
1780886267982 71.1022418478261 34
1780886276000 69.08118206521739 35
1780886283865 80.35835597826086 36
1780886291882 69.31046195652173 37
1780886299859 73.59884510869566 38
1780886307761 75.26324728260869 39
1780886315748 79.71297554347827 40
1780886323723 69.17459239130434 41
1780886331597 75.32269021739131 42
1780886339597 83.05876358695652 43
1780886347582 82.47282608695652 44
1780886355452 73.71773097826086 45
1780886363488 69.37839673913044 46
1780886371480 78.37975543478261 47
1780886379367 72.95346467391305 48
1780886387368 74.58389945652173 49
1780886395353 69.07269021739131 50
1780886403231 73.57336956521739 51
1780886411265 82.27751358695652 52
1780886419206 69.40387228260869 53
1780886427003 69.140625 54
1780886434942 84.43444293478261 55
1780886442836 69.06419836956522 56
1780886450629 69.79449728260869 57
1780886458564 77.87024456521739 58
1780886466454 71.00033967391305 59
1780886474259 75.33967391304348 60
1780886482182 69.1321331521739 61
1780886490086 69.19157608695652 62
1780886497885 79.23743206521739 63
1780886505814 75.11888586956522 64
1780886513703 69.140625 65
1780886521499 69.69259510869566 66
1780886529436 69.26800271739131 67
1780886537357 69.43783967391305 68
1780886545152 69.53125 69
1780886553171 84.5788043478261 70
1780886561132 69.24252717391305 71
1780886568973 79.94225543478261 72
1780886576963 79.38179347826086 73
1780886584898 69.140625 74
1780886592739 68.99626358695652 75
1780886600700 69.05570652173914 76
1780886608646 72.44395380434783 77
1780886616461 79.81487771739131 78
1780886624440 82.93138586956522 79
1780886632391 83.67866847826086 80
1780886640232 77.69191576086956 81
1780886648202 77.5305706521739 82
1780886656174 69.20855978260869 83
1780886664017 86.05638586956522 84
1780886671935 69.18308423913044 85
1780886679821 69.42085597826086 86
1780886687614 85.47894021739131 87
1780886695555 69.42934782608695 88
1780886703528 86.3196331521739 89
1780886711376 69.11514945652173 90
1780886719326 80.54517663043478 91
1780886727280 85.3600543478261 92
1780886735125 85.81012228260869 93
1780886743087 83.22010869565217 94
1780886751032 80.00169836956522 95
1780886758879 83.33899456521739 96
1780886766849 69.39538043478261 97
1780886774828 86.50645380434783 98
1780886782684 85.50441576086956 99
1780886790666 88.11141304347827 100
1780886798648 86.78668478260869 101
1780886806550 87.46603260869566 102
1780886814548 85.15625 103
1780886822559 72.33355978260869 104
1780886830426 68.9368206521739 105
1780886838437 70.19361413043478 106
1780886846418 69.22554347826086 107
1780886854278 70.38892663043478 108
1780886862291 71.59476902173914 109
1780886870277 69.58220108695652 110
1780886878144 75.67085597826086 111
1780886886136 70.83050271739131 112
1780886894112 81.81046195652173 113
1780886902000 73.36956521739131 114
1780886910039 71.69667119565217 115
1780886918041 84.82506793478261 116
1780886925930 73.76019021739131 117
1780886933940 71.63722826086956 118
1780886941931 83.35597826086956 119
1780886949816 83.63620923913044 120
1780886957818 81.97180706521739 121
1780886965816 79.6959918478261 122
1780886973715 74.56691576086956 123
1780886981713 67.87533967391305 124
1780886989705 78.72792119565217 125
1780886997586 78.77038043478261 126
1780887005587 79.13552989130434 127
1780887013588 74.14232336956522 128
1780887021489 77.86175271739131 129
1780887029517 75.81521739130434 130
1780887037509 78.1334918478261 131
1780887045397 75.15285326086956 132
1780887053430 75.83220108695652 133
1780887061421 77.70040760869566 134
1780887069326 83.1946331521739 135
1780887077399 65.33627717391305 136
1780887085407 80.54517663043478 137
1780887093400 70.18512228260869 138
1780887101305 67.53566576086956 139
1780887109325 60.89504076086957 140
1780887117322 61.8546195652174 141
1780887125218 60.793138586956516 142
1780887133253 55.70652173913043 143
1780887141275 59.33254076086957 144
1780887149177 57.1671195652174 145
1780887157200 56.70855978260869 146
1780887165178 57.2265625 147
1780887173221 55.29042119565217 148
1780887181403 67.99422554347827 149
1780887189388 51.511548913043484 150
1780887197227 56.22452445652174 151
1780887205177 66.72044836956522 152
1780887213079 65.09001358695652 153
1780887220884 52.85326086956522 154
1780887228811 68.42730978260869 155
1780887236703 51.43512228260869 156
1780887244502 55.56216032608695 157
1780887252433 47.12975543478261 158
1780887260324 47.89402173913043 159
1780887268122 57.14164402173913 160
1780887276051 47.40998641304348 161
1780887283942 54.44972826086957 162
1780887291733 46.30604619565217 163
1780887299661 49.35461956521739 164
1780887307564 49.770720108695656 165
1780887315356 48.55638586956522 166
1780887323469 67.73947010869566 167
1780887331343 60.50441576086957 168
1780887339134 58.42391304347826 169
1780887347011 56.13111413043478 170
1780887354922 61.472486413043484 171
1780887362815 65.11548913043478 172
1780887370622 66.0241168478261 173
1780887377959 65.88824728260869 174
