1780902712098 0.6602242813933523 1
1780902728474 0.6602242813933523 2
1780902744584 0.6602242813933523 3
1780902760694 0.6602242813933523 4
1780902776794 0.6602242813933523 5
1780902793079 0.6602242813933523 6
1780902809338 0.6602242813933523 7
1780902825438 0.6602242813933523 8
1780902841577 0.6602242813933523 9
1780902857679 0.6602242813933523 10
1780902873768 0.6602242813933523 11
1780902889979 0.6602242813933523 12
1780902906062 0.6602242813933523 13
1780902922271 0.6602242813933523 14
1780902938312 0.6602242813933523 15
1780902954351 0.6602242813933523 16
1780902970431 0.6602242813933523 17
1780902986469 0.6602242813933523 18
1780903002511 0.6602242813933523 19
1780903018547 0.6602242813933523 20
1780903034636 0.6602242813933523 21
1780903050678 0.6602242813933523 22
1780903066719 0.6602242813933523 23
1780903082810 0.6602242813933523 24
1780903098873 0.6602242813933523 25
1780903114913 0.6602242813933523 26
1780903130952 0.6602242813933523 27
1780903147153 0.6602242813933523 28
1780903163202 0.6602242813933523 29
1780903179248 0.6602242813933523 30
1780903195288 0.6602242813933523 31
1780903211561 0.6602242813933523 32
1780903227597 0.6602242813933523 33
1780903243637 0.6602242813933523 34
1780903259685 0.6602242813933523 35
1780903275771 0.6602242813933523 36
1780903291821 0.6602242813933523 37
1780903307873 0.6602242813933523 38
1780903323983 0.6602242813933523 39
1780903340040 0.6602242813933523 40
1780903356083 0.6602242813933523 41
1780903372129 0.6602242813933523 42
1780903388221 0.6602242813933523 43
1780903404276 0.6602242813933523 44
1780903420327 0.6602242813933523 45
1780903436363 0.6602242813933523 46
1780903446480 0.6602242813933523 47
