1780902712097 97.4654796511628 1
1780902728473 99.4186046511628 2
1780902744583 99.20966569767442 3
1780902760693 99.03706395348837 4
1780902776793 98.69186046511628 5
1780902793078 99.4640261627907 6
1780902809337 99.47311046511628 7
1780902825437 99.05523255813954 8
1780902841576 99.50944767441861 9
1780902857678 99.76380813953489 10
1780902873766 98.80995639534885 11
1780902889978 99.72747093023256 12
1780902906061 99.39135174418605 13
1780902922270 99.76380813953489 14
1780902938311 98.17405523255815 15
1780902954350 99.37318313953489 16
1780902970429 99.64571220930233 17
1780902986467 99.66388081395348 18
1780903002510 99.79106104651163 19
1780903018546 99.30959302325581 20
1780903034635 99.609375 21
1780903050677 99.609375 22
1780903066718 99.609375 23
1780903082809 99.26417151162791 24
1780903098872 99.54578488372093 25
1780903114911 99.56395348837209 26
1780903130951 99.83648255813954 27
1780903147151 99.62754360465115 28
1780903163201 99.37318313953489 29
1780903179247 99.61845930232558 30
1780903195287 99.55486918604652 31
1780903211560 99.88190406976744 32
1780903227596 99.58212209302324 33
1780903243636 99.78197674418605 34
1780903259684 99.34593023255815 35
1780903275769 99.8001453488372 36
1780903291819 99.69113372093024 37
1780903307872 99.59120639534885 38
1780903323982 99.47311046511628 39
1780903340038 99.7547238372093 40
1780903356082 99.64571220930233 41
1780903372128 99.72747093023256 42
1780903388220 99.68204941860465 43
1780903404275 99.13699127906976 44
1780903420326 99.90915697674419 45
1780903436362 99.77289244186046 46
1780903446478 99.79106104651163 47
