1780791992894 9.871720115792458 1
1780791996258 9.73846602312333 2
1780791999667 9.607010669985385 3
1780792003076 9.477329775969402 4
1780792006469 9.349399388416924 5
1780792009866 9.223195877996107 6
1780792013242 9.098695934337265 7
1780792016659 8.97587656172734 8
1780792020068 8.854715074862488 9
1780792023467 8.735189094657999 10
1780792026839 8.617276544114779 11
1780792030269 8.500955644241614 12
1780792033688 8.386204910032514 13
1780792037091 8.273003146498311 14
1780792040468 8.161329444751857 15
1780792043897 8.051163178146055 16
1780792047285 7.942483998464022 17
1780792050701 7.835271832160679 18
1780792054119 7.729506876655075 19
1780792057523 7.625169596672762 20
1780792060939 7.522240720637536 21
1780792064331 7.420701237111888 22
1780792067717 7.320532391285504 23
1780792071182 7.221715681511169 24
1780792074611 7.124232855887427 25
1780792078002 7.028065908887363 26
1780792081442 6.93319707803291 27
1780792084834 6.839608840614027 28
1780792088245 6.747283910452188 29
1780792091662 6.656205234707526 30
1780792095067 6.566355990729111 31
1780792098481 6.477719582947724 32
1780792101892 6.390279639810574 33
1780792105308 6.304020010757405 34
1780792108700 6.218924763237407 35
1780792112123 6.134978179766401 36
1780792115546 6.052164755023752 37
1780792118931 5.970469192988459 38
1780792122320 5.889876404113914 39
1780792125890 5.810371502540789 40
1780792129300 5.731939803347555 41
1780792132713 5.654566819838102 42
1780792136118 5.578238260865986 43
1780792139549 5.502940028194785 44
1780792142966 5.42865821389409 45
1780792146389 5.3553790977706495 46
1780792149803 5.283089144834179 47
1780792153227 5.2117750027973955 48
1780792156659 5.14142349960978 49
1780792160079 5.072021641024648 50
1780792163506 5.003556608199041 51
1780792166920 4.93601575532604 52
1780792170342 4.869386607299015 53
1780792173760 4.8036568574074225 54
1780792177192 4.738814365063698 55
1780792180607 4.674847153560831 56
1780792184034 4.611743407860217 57
1780792187454 4.5494914724093585 58
1780792190873 4.488079848989038 59
1780792194292 4.42749719458954 60
1780792197704 4.367732319315543 61
1780792201128 4.308774184319299 62
1780792204550 4.250611899761707 63
1780792207967 4.193234722800904 64
1780792211389 4.136632055608017 65
1780792214812 4.080793443409698 66
1780792218231 4.025708572557073 67
1780792221649 3.971367268620767 68
1780792225073 3.917759494511639 69
1780792228490 3.8648753486268865 70
1780792231909 3.812705063021173 71
1780792235327 3.7612390016024437 72
1780792238760 3.7104676583520946 73
1780792242182 3.6603816555691675 74
1780792245610 3.610971742138246 75
1780792249028 3.562228791820731 76
1780792252444 3.5141438015691797 77
1780792255861 3.466707889864409 78
1780792259280 3.419912295075029 79
1780792262726 3.373748373839136 80
1780792266145 3.3282075994678406 81
1780792269563 3.283281560370349 82
1780792272988 3.238961958500304 83
1780792276418 3.1952406078230986 84
1780792279833 3.1521094328038766 85
1780792283262 3.1095604669159425 86
1780792286688 3.0675858511693117 87
1780792290109 3.0261778326591147 88
1780792293526 2.9853287631336007 89
1780792296943 2.9450310975814724 90
1780792300363 2.905277392838286 91
1780792303781 2.866060306211664 92
1780792307199 2.827372594125068 93
1780792310616 2.7892071107798735 94
1780792314030 2.7515568068355116 95
1780792317448 2.7144147281074216 96
1780792320868 2.677774014282581 97
1780792324288 2.641627897652374 98
1780792327708 2.605969701862565 99
1780792331132 2.5707928406801446 100
1780792334567 2.5360908167768237 101
1780792337991 2.501857220528944 102
1780792341412 2.4680857288335956 103
1780792344826 2.434770103940705 104
1780792348248 2.401904192300898 105
1780792351665 2.3694819234289097 106
1780792355089 2.33749730878234 107
1780792358503 2.305944440655536 108
1780792361927 2.2748174910884176 109
1780792365346 2.244110710790026 110
1780792368774 2.2138184280766002 111
1780792372194 2.1839350478239923 112
1780792375631 2.1544550504342226 113
1780792379075 2.125372990815985 114
1780792382501 2.096683497378911 115
1780792385923 2.068381271041416 116
1780792389343 2.040461084251931 117
1780792392775 2.0129177800233515 118
1780792396198 1.9857462709805185 119
1780792399655 1.9589415384205564 120
1780792403080 1.932498631385895 121
1780792406503 1.9064126657498048 122
1780792409922 1.8806788233142777 123
1780792413342 1.8552923509200823 124
1780792416765 1.8302485595688336 125
1780792420184 1.805542823556914 126
1780792423602 1.7811705796210842 127
1780792427025 1.7571273260956268 128
1780792430448 1.7334086220808698 129
1780792433868 1.7100100866229295 130
1780792437292 1.68692739790453 131
1780792440717 1.6641562924467443 132
1780792444138 1.6416925643215055 133
1780792447568 1.6195320643747588 134
1780792450988 1.5976706994600895 135
1780792454412 1.5761044316827015 136
1780792457834 1.5548292776535995 137
1780792461256 1.5338413077538373 138
1780792464680 1.5131366454087014 139
1780792468102 1.492711466371688 140
1780792471524 1.4725619980181481 141
1780792474952 1.4526845186484656 142
1780792478383 1.4330753568006416 143
1780792481814 1.4137308905721613 144
1780792485238 1.3946475469510087 145
1780792488662 1.3758218011557162 146
1780792492086 1.3572501759843216 147
1780792495512 1.3389292411721128 148
1780792498941 1.3208556127580404 149
1780792502366 1.3030259524596874 150
1780792505795 1.2854369670566703 151
1780792509215 1.268085407782368 152
1780792512637 1.2509680697238592 153
1780792516059 1.2340817912299593 154
1780792519479 1.2174234533272503 155
1780792522901 1.2009899791439906 156
1780792526324 1.1847783333418045 157
1780792529745 1.1687855215550378 158
1780792533170 1.1530085898376896 159
1780792536591 1.1374446241178007 160
1780792539986 1.1220907496592125 161
1780792543392 1.106944130530591 162
1780792546807 1.0920019690816152 163
1780792550219 1.0772615054262402 164
1780792553621 1.0627200169329323 165
1780792557033 1.0483748177217862 166
1780792560450 1.034223258168432 167
1780792563893 1.0202627244146365 168
1780792567338 1.0064906378855107 169
1780792570867 0.9929044548132366 170
1780792574290 0.9795016657672211 171
1780792577709 0.9662797951905923 172
1780792581106 0.9532364009429528 173
1780792584560 0.9403690738493055 174
1780792587996 0.9276754372550676 175
1780792591439 0.9151531465870912 176
1780792594916 0.902799888920611 177
1780792598520 0.8906133825520347 178
1780792602152 0.8785913765775037 179
1780792605625 0.8667316504771393 180
1780792609179 0.8550320137049032 181
1780792612570 0.8434903052839938 182
1780792615968 0.8321043934077026 183
1780792619559 0.820872175045661 184
1780792622960 0.8097915755554006 185
1780792626362 0.7988605482991564 186
1780792629824 0.788077074265845 187
1780792633409 0.7774391616981419 188
1780792636812 0.766944845724596 189
1780792640218 0.756592187996709 190
1780792643640 0.7463792763309128 191
1780792647155 0.7363042243553806 192
1780792650558 0.7263651711616053 193
1780792654154 0.7165602809606814 194
1780792657546 0.7068877427442262 195
1780792660941 0.6973457699498781 196
1780792664345 0.6879326001313103 197
1780792667763 0.6786464946326989 198
1780792671177 0.6694857382675854 199
1780792674623 0.6604486390020734 200
