1780791992893 84.86328125 1
1780791996258 46.484375 2
1780791999666 45.2734375 3
1780792003075 49.4921875 4
1780792006469 49.39453125 5
1780792009865 49.5703125 6
1780792013242 49.5703125 7
1780792016658 49.62890625 8
1780792020067 49.39453125 9
1780792023466 49.6484375 10
1780792026838 49.47265625 11
1780792030267 49.7265625 12
1780792033687 49.70703125 13
1780792037090 49.55078125 14
1780792040467 49.47265625 15
1780792043895 49.82421875 16
1780792047284 50.15625 17
1780792050700 49.78515625 18
1780792054118 49.35546875 19
1780792057522 49.94140625 20
1780792060938 50.68359375 21
1780792064330 49.921875 22
1780792067716 51.796875 23
1780792071181 52.22656249999999 24
1780792074610 51.81640625 25
1780792078001 52.734375 26
1780792081440 55.6640625 27
1780792084833 51.40625 28
1780792088244 52.85156250000001 29
1780792091661 51.83593749999999 30
1780792095066 56.66015625000001 31
1780792098480 55.91796875 32
1780792101891 55.8203125 33
1780792105308 57.48046875 34
1780792108699 64.8828125 35
1780792112122 68.41796875 36
1780792115545 57.67578125 37
1780792118931 57.20703124999999 38
1780792122318 50.0 39
1780792125889 50.8203125 40
1780792129299 53.06640625 41
1780792132712 50.390625 42
1780792136117 57.94921875 43
1780792139548 56.4453125 44
1780792142965 56.8359375 45
1780792146388 54.12109375000001 46
1780792149802 56.62109374999999 47
1780792153226 64.6875 48
1780792156658 65.09765625 49
1780792160078 61.89453124999999 50
1780792163505 50.390625 51
1780792166919 62.5390625 52
1780792170342 56.0546875 53
1780792173760 56.23046874999999 54
1780792177191 51.42578125 55
1780792180606 63.671875 56
1780792184033 62.71484375000001 57
1780792187454 68.45703125 58
1780792190872 54.8828125 59
1780792194291 58.9453125 60
1780792197703 70.9375 61
1780792201127 52.71484374999999 62
1780792204549 55.93749999999999 63
1780792207966 64.8046875 64
1780792211388 68.0859375 65
1780792214811 55.44921874999999 66
1780792218230 72.28515625 67
1780792221648 52.98828125 68
1780792225072 55.17578125 69
1780792228489 56.6796875 70
1780792231908 49.94140625 71
1780792235326 57.7734375 72
1780792238759 56.71874999999999 73
1780792242181 55.3125 74
1780792245609 58.69140625 75
1780792249027 58.9453125 76
1780792252443 52.61718749999999 77
1780792255860 54.12109375000001 78
1780792259279 57.67578125 79
1780792262725 57.34375000000001 80
1780792266144 51.85546875 81
1780792269562 67.91015625 82
1780792272987 68.06640625 83
1780792276417 61.01562499999999 84
1780792279832 51.19140625000001 85
1780792283261 53.9453125 86
1780792286687 66.328125 87
1780792290108 63.828125 88
1780792293525 69.70703125 89
1780792296942 77.8125 90
1780792300362 69.9609375 91
1780792303780 70.17578125 92
1780792307199 63.4375 93
1780792310615 69.84375 94
1780792314029 68.88671875 95
1780792317447 70.234375 96
1780792320867 64.55078125 97
1780792324287 66.34765625 98
1780792327707 69.86328125 99
1780792331131 65.80078125 100
1780792334566 57.0703125 101
1780792337990 63.4375 102
1780792341411 64.8046875 103
1780792344825 63.26171874999999 104
1780792348247 59.609375 105
1780792351664 61.99218749999999 106
1780792355088 69.62890625 107
1780792358502 69.53125 108
1780792361925 58.49609375 109
1780792365346 66.4453125 110
1780792368773 65.99609375 111
1780792372193 67.65625 112
1780792375630 68.92578125 113
1780792379074 65.68359375 114
1780792382499 66.1328125 115
1780792385922 65.29296875 116
1780792389342 68.8671875 117
1780792392774 64.62890625 118
1780792396197 68.30078125 119
1780792399654 67.5 120
1780792403079 63.0859375 121
1780792406502 69.0234375 122
1780792409921 64.58984375 123
1780792413341 69.2578125 124
1780792416764 66.015625 125
1780792420183 63.73046875 126
1780792423601 65.17578125 127
1780792427024 63.98437500000001 128
1780792430447 64.90234375 129
1780792433867 69.12109375 130
1780792437291 68.7890625 131
1780792440716 67.6953125 132
1780792444137 67.28515625 133
1780792447567 65.56640625 134
1780792450987 66.81640625 135
1780792454411 65.56640625 136
1780792457833 65.13671875 137
1780792461256 69.375 138
1780792464680 66.25 139
1780792468101 62.63671875 140
1780792471523 66.4453125 141
1780792474951 64.58984375 142
1780792478382 68.125 143
1780792481813 67.05078125 144
1780792485237 67.98828125 145
1780792488661 66.30859375 146
1780792492086 65.9765625 147
1780792495511 64.74609375 148
1780792498940 68.45703125 149
1780792502365 65.6640625 150
1780792505794 67.48046875 151
1780792509214 68.69140625 152
1780792512636 67.2265625 153
1780792516058 68.22265625 154
1780792519478 67.55859375 155
1780792522900 68.5546875 156
1780792526323 68.65234375 157
1780792529744 71.484375 158
1780792533169 71.2890625 159
1780792536590 70.0390625 160
1780792539985 68.28125 161
1780792543390 70.8984375 162
1780792546805 70.3125 163
1780792550217 64.0625 164
1780792553620 64.78515625 165
1780792557031 69.21875 166
1780792560448 70.2734375 167
1780792563892 69.66796875 168
1780792567337 68.45703125 169
1780792570866 72.32421875 170
1780792574288 70.44921875 171
1780792577708 69.16015625 172
1780792581105 69.5703125 173
1780792584559 68.4765625 174
1780792587995 67.48046875 175
1780792591438 71.11328125 176
1780792594915 70.80078125 177
1780792598519 72.8125 178
1780792602151 73.53515625 179
1780792605623 72.578125 180
1780792609178 73.96484375 181
1780792612570 71.875 182
1780792615967 71.40625 183
1780792619558 74.74609375 184
1780792622959 73.28125 185
1780792626361 74.04296875 186
1780792629823 72.63671875 187
1780792633408 75.859375 188
1780792636811 73.0078125 189
1780792640217 72.7734375 190
1780792643639 72.71484375 191
1780792647154 72.5390625 192
1780792650557 73.41796875 193
1780792654152 75.29296875 194
1780792657545 72.44140625 195
1780792660940 73.06640625 196
1780792664344 72.65625 197
1780792667761 73.671875 198
1780792671176 72.578125 199
1780792674622 73.57421875 200
