1780791992892 0.47025284767150877 1
1780791996257 8.442218017578124 2
1780791999665 5.220247650146485 3
1780792003074 4.4471698760986325 4
1780792006468 5.226988220214844 5
1780792009865 5.023404693603515 6
1780792013241 6.9858558654785154 7
1780792016657 7.8085693359375 8
1780792020067 6.811137390136719 9
1780792023466 8.47897720336914 10
1780792026837 7.68878173828125 11
1780792030267 7.3346199035644535 12
1780792033687 5.869833374023438 13
1780792037089 5.839867401123047 14
1780792040467 6.815850067138672 15
1780792043895 7.307331085205078 16
1780792047284 5.083951950073242 17
1780792050699 5.8790336608886715 18
1780792054118 8.145542907714844 19
1780792057522 6.078975677490234 20
1780792060937 5.192799758911133 21
1780792064330 6.733439636230469 22
1780792067715 6.42541275024414 23
1780792071180 5.761375427246094 24
1780792074610 7.3419921875 25
1780792078001 6.694728088378906 26
1780792081440 6.1245269775390625 27
1780792084832 6.918354034423828 28
1780792088243 6.483009338378906 29
1780792091661 7.384433746337891 30
1780792095066 6.153092956542968 31
1780792098480 6.827032470703125 32
1780792101891 6.595939636230469 33
1780792105307 5.69842414855957 34
1780792108698 4.660394668579102 35
1780792112121 3.7918792724609376 36
1780792115545 5.106634902954101 37
1780792118930 6.922010803222657 38
1780792122318 9.224147033691406 39
1780792125888 8.629648590087891 40
1780792129298 6.7174537658691404 41
1780792132712 8.219556427001953 42
1780792136116 4.983797073364258 43
1780792139547 6.002300262451172 44
1780792142965 5.725266647338867 45
1780792146387 6.862143707275391 46
1780792149801 6.020688247680664 47
1780792153225 4.698615264892578 48
1780792156657 5.481280517578125 49
1780792160077 5.995691299438477 50
1780792163504 5.900434112548828 51
1780792166918 3.45288200378418 52
1780792170341 4.534918212890625 53
1780792173759 4.836231994628906 54
1780792177190 7.213290405273438 55
1780792180606 5.829848098754883 56
1780792184032 5.79504623413086 57
1780792187453 3.953940200805664 58
1780792190871 6.03729133605957 59
1780792194290 5.412212753295899 60
1780792197703 3.5122085571289063 61
1780792201126 9.763678741455077 62
1780792204549 6.933074188232422 63
1780792207965 5.162484359741211 64
1780792211387 4.712713241577148 65
1780792214811 6.946482086181641 66
1780792218230 3.451973724365234 67
1780792221647 7.5333396911621096 68
1780792225071 4.588771820068359 69
1780792228489 5.3273193359375 70
1780792231907 7.098878479003906 71
1780792235325 4.169291687011719 72
1780792238759 5.8224739074707035 73
1780792242181 6.269844818115234 74
1780792245608 6.677286529541016 75
1780792249027 6.964273071289062 76
1780792252442 8.331596374511719 77
1780792255860 9.32364501953125 78
1780792259279 6.32246208190918 79
1780792262725 6.298069763183594 80
1780792266144 7.906422424316406 81
1780792269561 3.8553211212158205 82
1780792272986 4.123620986938477 83
1780792276417 5.1828773498535154 84
1780792279831 7.162912750244141 85
1780792283261 6.044008255004883 86
1780792286687 3.975870132446289 87
1780792290108 3.9854499816894533 88
1780792293524 2.8140281677246093 89
1780792296942 2.7273902893066406 90
1780792300362 3.9882049560546875 91
1780792303780 2.1054569244384767 92
1780792307198 3.3790939331054686 93
1780792310614 3.736985778808594 94
1780792314029 3.229771041870117 95
1780792317446 3.1436668395996095 96
1780792320867 3.744354248046875 97
1780792324286 3.5265853881835936 98
1780792327707 2.8489585876464845 99
1780792331131 3.2621089935302736 100
1780792334565 5.620107269287109 101
1780792337989 4.120032501220703 102
1780792341410 2.7552988052368166 103
1780792344825 2.7235462188720705 104
1780792348246 2.7001895904541016 105
1780792351663 3.392985153198242 106
1780792355087 2.6773954391479493 107
1780792358502 2.6498435974121093 108
1780792361925 4.836259078979492 109
1780792365345 3.5737579345703123 110
1780792368772 2.566587448120117 111
1780792372193 2.39788875579834 112
1780792375630 2.8236787796020506 113
1780792379074 3.1084674835205077 114
1780792382499 3.5476898193359374 115
1780792385922 4.401491165161133 116
1780792389341 2.604739952087402 117
1780792392774 3.375910186767578 118
1780792396197 3.4010425567626954 119
1780792399653 2.1507123947143554 120
1780792403079 3.1730056762695313 121
1780792406502 2.294977569580078 122
1780792409921 2.6056440353393553 123
1780792413341 3.030685806274414 124
1780792416763 2.7279827117919924 125
1780792420182 3.4077796936035156 126
1780792423601 3.4236591339111326 127
1780792427024 3.019103240966797 128
1780792430447 3.271819305419922 129
1780792433866 3.462960052490234 130
1780792437291 2.7819414138793945 131
1780792440715 2.5806556701660157 132
1780792444136 2.9496984481811523 133
1780792447566 2.9050817489624023 134
1780792450987 2.931474304199219 135
1780792454411 2.635568618774414 136
1780792457832 3.297283935546875 137
1780792461255 2.506800079345703 138
1780792464679 2.6592996597290037 139
1780792468101 3.458174133300781 140
1780792471523 3.0480068206787108 141
1780792474950 3.583797073364258 142
1780792478381 2.528416061401367 143
1780792481813 2.8723472595214843 144
1780792485237 2.4135931015014647 145
1780792488660 2.8821537017822267 146
1780792492085 3.014698600769043 147
1780792495511 3.086642265319824 148
1780792498939 2.4501874923706053 149
1780792502365 3.1030551910400392 150
1780792505794 3.0570810317993162 151
1780792509214 2.432529258728027 152
1780792512635 3.0442033767700196 153
1780792516058 2.7509172439575194 154
1780792519477 3.0277843475341797 155
1780792522899 2.2068622589111326 156
1780792526323 2.7331975936889648 157
1780792529744 2.2580821990966795 158
1780792533168 2.2521129608154298 159
1780792536589 2.448448371887207 160
1780792539984 3.06099853515625 161
1780792543390 1.9812944412231446 162
1780792546805 2.340785026550293 163
1780792550217 2.547040557861328 164
1780792553619 3.259530258178711 165
1780792557031 2.543730926513672 166
1780792560448 2.132086181640625 167
1780792563891 2.3787443161010744 168
1780792567336 2.5953807830810547 169
1780792570866 2.117561149597168 170
1780792574288 2.2830394744873046 171
1780792577708 2.8243524551391603 172
1780792581104 2.519331359863281 173
1780792584558 2.704420471191406 174
1780792587995 2.8153236389160154 175
1780792591437 2.3644376754760743 176
1780792594914 2.373970603942871 177
1780792598518 1.9427305221557618 178
1780792602151 1.9336694717407226 179
1780792605622 2.0045759201049806 180
1780792609178 1.8619199752807618 181
1780792612569 2.1425413131713866 182
1780792615967 2.3621992111206054 183
1780792619557 1.5733898162841797 184
1780792622958 1.773777389526367 185
1780792626360 2.033622932434082 186
1780792629822 2.093543815612793 187
1780792633407 1.8564182281494142 188
1780792636810 1.949264144897461 189
1780792640216 2.31658935546875 190
1780792643638 2.111905097961426 191
1780792647153 2.1794866561889648 192
1780792650557 1.5793124198913575 193
1780792654152 1.7154811859130858 194
1780792657544 2.2521602630615236 195
1780792660940 2.2120275497436523 196
1780792664343 2.0122114181518556 197
1780792667760 1.9388088226318358 198
1780792671175 1.8065011978149415 199
1780792674622 1.8960504531860352 200
