1780712514724 0.30472891330718993 1
1780712518099 0.2779394626617432 2
1780712521280 0.2880159139633179 3
1780712524663 0.22637562751770018 4
1780712527894 0.2528082370758057 5
1780712531243 0.13419883251190184 6
1780712534472 0.15714724063873292 7
1780712537704 0.174094820022583 8
1780712541051 0.121574068069458 9
1780712544433 0.08636045455932617 10
1780712547658 0.06821411252021789 11
1780712550853 0.47225422859191896 12
1780712554086 0.1879149556159973 13
1780712557314 0.11407960653305053 14
1780712560492 0.09304046034812927 15
1780712563713 0.07156747579574585 16
1780712566943 0.4797800540924072 17
1780712570123 0.057813900709152224 18
1780712573350 0.11448812484741211 19
1780712576575 0.024132853746414183 20
1780712579749 0.10806715488433838 21
1780712582970 0.04299968481063843 22
1780712586203 0.0882943332195282 23
1780712589381 0.1768929123878479 24
1780712592605 0.04602975249290466 25
1780712595829 0.015230345726013183 26
1780712599005 0.0450804203748703 27
1780712602223 0.08842058181762695 28
1780712605455 0.019137246906757353 29
1780712608635 0.03122173249721527 30
1780712611854 0.025236040353775024 31
1780712615089 0.019883264601230622 32
1780712618267 0.011080289632081986 33
1780712621483 0.043408364057540894 34
1780712624720 0.09932132959365844 35
1780712627897 0.007084318250417709 36
1780712631117 0.11304126977920533 37
1780712634345 0.05798217058181763 38
1780712637523 0.22947211265563966 39
1780712640741 0.017368540167808533 40
1780712643972 0.0024165261536836626 41
1780712647153 0.003290014714002609 42
1780712650372 0.0008387001231312752 43
1780712653607 0.00367940329015255 44
1780712656784 0.002282537892460823 45
1780712660008 0.0017886517569422721 46
1780712663239 0.007752944529056549 47
1780712666418 0.00379490964114666 48
1780712669637 0.17088348865509034 49
1780712672864 0.06541720628738404 50
