1780712514725 0.6604486390020734 1
1780712518100 0.6604486390020734 2
1780712521282 0.6604486390020734 3
1780712524665 0.6604486390020734 4
1780712527896 0.6604486390020734 5
1780712531244 0.6604486390020734 6
1780712534474 0.6604486390020734 7
1780712537706 0.6604486390020734 8
1780712541053 0.6604486390020734 9
1780712544435 0.6604486390020734 10
1780712547659 0.6604486390020734 11
1780712550855 0.6604486390020734 12
1780712554088 0.6604486390020734 13
1780712557316 0.6604486390020734 14
1780712560494 0.6604486390020734 15
1780712563715 0.6604486390020734 16
1780712566945 0.6604486390020734 17
1780712570125 0.6604486390020734 18
1780712573352 0.6604486390020734 19
1780712576577 0.6604486390020734 20
1780712579751 0.6604486390020734 21
1780712582972 0.6604486390020734 22
1780712586205 0.6604486390020734 23
1780712589383 0.6604486390020734 24
1780712592607 0.6604486390020734 25
1780712595831 0.6604486390020734 26
1780712599007 0.6604486390020734 27
1780712602225 0.6604486390020734 28
1780712605457 0.6604486390020734 29
1780712608636 0.6604486390020734 30
1780712611856 0.6604486390020734 31
1780712615091 0.6604486390020734 32
1780712618269 0.6604486390020734 33
1780712621485 0.6604486390020734 34
1780712624722 0.6604486390020734 35
1780712627899 0.6604486390020734 36
1780712631119 0.6604486390020734 37
1780712634348 0.6604486390020734 38
1780712637524 0.6604486390020734 39
1780712640743 0.6604486390020734 40
1780712643974 0.6604486390020734 41
1780712647154 0.6604486390020734 42
1780712650374 0.6604486390020734 43
1780712653609 0.6604486390020734 44
1780712656785 0.6604486390020734 45
1780712660010 0.6604486390020734 46
1780712663241 0.6604486390020734 47
1780712666420 0.6604486390020734 48
1780712669639 0.6604486390020734 49
1780712672866 0.6604486390020734 50
