1780712514724 87.63671875 1
1780712518099 87.96875 2
1780712521281 87.5 3
1780712524664 91.50390625 4
1780712527895 89.1796875 5
1780712531243 94.78515625 6
1780712534473 93.88671875 7
1780712537705 93.0859375 8
1780712541052 94.90234375 9
1780712544434 96.8359375 10
1780712547658 97.578125 11
1780712550854 85.33203125 12
1780712554086 92.05078125 13
1780712557315 95.6640625 14
1780712560493 96.40625 15
1780712563714 97.1875 16
1780712566944 85.48828125 17
1780712570124 97.8125 18
1780712573351 95.46875 19
1780712576575 99.27734375 20
1780712579750 95.4296875 21
1780712582971 98.3984375 22
1780712586203 97.1875 23
1780712589382 93.4765625 24
1780712592606 98.02734375 25
1780712595830 99.4921875 26
1780712599006 98.3984375 27
1780712602224 97.3828125 28
1780712605456 99.27734375 29
1780712608635 98.73046875 30
1780712611855 98.80859375 31
1780712615089 99.21875 32
1780712618267 99.6484375 33
1780712621484 98.203125 34
1780712624721 96.69921875 35
1780712627898 99.765625 36
1780712631118 96.42578125 37
1780712634346 97.65625 38
1780712637523 91.77734375 39
1780712640742 99.375 40
1780712643973 99.94140625 41
1780712647153 99.98046875 42
1780712650373 99.98046875 43
1780712653607 99.765625 44
1780712656784 99.94140625 45
1780712660008 99.94140625 46
1780712663239 99.74609375 47
1780712666419 99.90234375 48
1780712669638 95.95703125 49
1780712672865 97.59765625 50
