1780711829203 9.871720115792458 1
1780711832606 9.73846602312333 2
1780711836016 9.607010669985385 3
1780711839427 9.477329775969402 4
1780711842836 9.349399388416924 5
1780711846256 9.223195877996107 6
1780711849668 9.098695934337265 7
1780711853068 8.97587656172734 8
1780711856485 8.854715074862488 9
1780711859895 8.735189094657999 10
1780711863312 8.617276544114779 11
1780711866714 8.500955644241614 12
1780711870116 8.386204910032514 13
1780711873535 8.273003146498311 14
1780711876945 8.161329444751857 15
1780711880350 8.051163178146055 16
1780711883775 7.942483998464022 17
1780711887172 7.835271832160679 18
1780711890580 7.729506876655075 19
1780711893989 7.625169596672762 20
1780711897394 7.522240720637536 21
1780711900802 7.420701237111888 22
1780711904214 7.320532391285504 23
1780711907625 7.221715681511169 24
1780711911036 7.124232855887427 25
1780711914465 7.028065908887363 26
1780711917884 6.93319707803291 27
1780711921285 6.839608840614027 28
1780711924692 6.747283910452188 29
1780711928104 6.656205234707526 30
1780711931513 6.566355990729111 31
1780711934920 6.477719582947724 32
1780711938327 6.390279639810574 33
1780711941741 6.304020010757405 34
1780711945153 6.218924763237407 35
1780711948555 6.134978179766401 36
1780711951961 6.052164755023752 37
1780711955375 5.970469192988459 38
1780711958784 5.889876404113914 39
1780711962292 5.810371502540789 40
1780711965686 5.731939803347555 41
1780711969112 5.654566819838102 42
1780711972548 5.578238260865986 43
1780711975945 5.502940028194785 44
1780711979377 5.42865821389409 45
1780711982799 5.3553790977706495 46
1780711986190 5.283089144834179 47
1780711989632 5.2117750027973955 48
1780711993072 5.14142349960978 49
1780711996465 5.072021641024648 50
1780711999920 5.003556608199041 51
1780712003364 4.93601575532604 52
1780712006759 4.869386607299015 53
1780712010224 4.8036568574074225 54
1780712013685 4.738814365063698 55
1780712017076 4.674847153560831 56
1780712020511 4.611743407860217 57
1780712023960 4.5494914724093585 58
1780712027353 4.488079848989038 59
1780712030804 4.42749719458954 60
1780712034279 4.367732319315543 61
1780712037674 4.308774184319299 62
1780712041107 4.250611899761707 63
1780712044536 4.193234722800904 64
1780712047922 4.136632055608017 65
1780712051367 4.080793443409698 66
1780712054818 4.025708572557073 67
1780712058211 3.971367268620767 68
1780712061643 3.917759494511639 69
1780712065071 3.8648753486268865 70
1780712068454 3.812705063021173 71
1780712071889 3.7612390016024437 72
1780712075319 3.7104676583520946 73
1780712078704 3.6603816555691675 74
1780712082144 3.610971742138246 75
1780712085575 3.562228791820731 76
1780712088960 3.5141438015691797 77
1780712092394 3.466707889864409 78
1780712095825 3.419912295075029 79
1780712099246 3.373748373839136 80
1780712102668 3.3282075994678406 81
1780712106090 3.283281560370349 82
1780712109477 3.238961958500304 83
1780712112920 3.1952406078230986 84
1780712116364 3.1521094328038766 85
1780712119760 3.1095604669159425 86
1780712123224 3.0675858511693117 87
1780712126670 3.0261778326591147 88
1780712130056 2.9853287631336007 89
1780712133493 2.9450310975814724 90
1780712136933 2.905277392838286 91
1780712140342 2.866060306211664 92
1780712143783 2.827372594125068 93
1780712147209 2.7892071107798735 94
1780712150595 2.7515568068355116 95
1780712154033 2.7144147281074216 96
1780712157463 2.677774014282581 97
1780712160850 2.641627897652374 98
1780712164302 2.605969701862565 99
1780712167735 2.5707928406801446 100
1780712171124 2.5360908167768237 101
1780712174563 2.501857220528944 102
1780712178000 2.4680857288335956 103
1780712181390 2.434770103940705 104
1780712184873 2.401904192300898 105
1780712188319 2.3694819234289097 106
1780712191720 2.33749730878234 107
1780712195169 2.305944440655536 108
1780712198613 2.2748174910884176 109
1780712202010 2.244110710790026 110
1780712205459 2.2138184280766002 111
1780712208904 2.1839350478239923 112
1780712212295 2.1544550504342226 113
1780712215725 2.125372990815985 114
1780712219157 2.096683497378911 115
1780712222546 2.068381271041416 116
1780712225981 2.040461084251931 117
1780712229415 2.0129177800233515 118
1780712232802 1.9857462709805185 119
1780712236305 1.9589415384205564 120
1780712239756 1.932498631385895 121
1780712243159 1.9064126657498048 122
1780712246618 1.8806788233142777 123
1780712250068 1.8552923509200823 124
1780712253466 1.8302485595688336 125
1780712256911 1.805542823556914 126
1780712260356 1.7811705796210842 127
1780712263766 1.7571273260956268 128
1780712267215 1.7334086220808698 129
1780712270665 1.7100100866229295 130
1780712274067 1.68692739790453 131
1780712277511 1.6641562924467443 132
1780712280956 1.6416925643215055 133
1780712284357 1.6195320643747588 134
1780712287813 1.5976706994600895 135
1780712291250 1.5761044316827015 136
1780712294653 1.5548292776535995 137
1780712298111 1.5338413077538373 138
1780712301550 1.5131366454087014 139
1780712304960 1.492711466371688 140
1780712308405 1.4725619980181481 141
1780712311846 1.4526845186484656 142
1780712315253 1.4330753568006416 143
1780712318705 1.4137308905721613 144
1780712322150 1.3946475469510087 145
1780712325554 1.3758218011557162 146
1780712329015 1.3572501759843216 147
1780712332472 1.3389292411721128 148
1780712335883 1.3208556127580404 149
1780712339344 1.3030259524596874 150
1780712342794 1.2854369670566703 151
1780712346213 1.268085407782368 152
1780712349670 1.2509680697238592 153
1780712353125 1.2340817912299593 154
1780712356535 1.2174234533272503 155
1780712359978 1.2009899791439906 156
1780712363419 1.1847783333418045 157
1780712366809 1.1687855215550378 158
1780712370247 1.1530085898376896 159
1780712373720 1.1374446241178007 160
1780712377109 1.1220907496592125 161
1780712380513 1.106944130530591 162
1780712383927 1.0920019690816152 163
1780712387339 1.0772615054262402 164
1780712390743 1.0627200169329323 165
1780712394151 1.0483748177217862 166
1780712397561 1.034223258168432 167
1780712400969 1.0202627244146365 168
1780712404382 1.0064906378855107 169
1780712407895 0.9929044548132366 170
1780712411293 0.9795016657672211 171
1780712414693 0.9662797951905923 172
1780712418273 0.9532364009429528 173
1780712421679 0.9403690738493055 174
1780712425083 0.9276754372550676 175
1780712428494 0.9151531465870912 176
1780712431903 0.902799888920611 177
1780712435317 0.8906133825520347 178
1780712438897 0.8785913765775037 179
1780712442292 0.8667316504771393 180
1780712445693 0.8550320137049032 181
1780712449096 0.8434903052839938 182
1780712452511 0.8321043934077026 183
1780712455923 0.820872175045661 184
1780712459326 0.8097915755554006 185
1780712462729 0.7988605482991564 186
1780712466141 0.788077074265845 187
1780712469553 0.7774391616981419 188
1780712472963 0.766944845724596 189
1780712476533 0.756592187996709 190
1780712479931 0.7463792763309128 191
1780712483330 0.7363042243553806 192
1780712486742 0.7263651711616053 193
1780712490159 0.7165602809606814 194
1780712493724 0.7068877427442262 195
1780712497121 0.6973457699498781 196
1780712500510 0.6879326001313103 197
1780712503915 0.6786464946326989 198
1780712507338 0.6694857382675854 199
1780712510844 0.6604486390020734 200
