1780711829202 77.08984375 1
1780711832605 49.4140625 2
1780711836015 49.74609375 3
1780711839426 49.4921875 4
1780711842835 49.39453125 5
1780711846255 49.5703125 6
1780711849667 49.5703125 7
1780711853067 49.62890625 8
1780711856484 49.39453125 9
1780711859893 49.6484375 10
1780711863310 49.47265625 11
1780711866712 49.7265625 12
1780711870115 49.70703125 13
1780711873534 49.53125 14
1780711876943 49.47265625 15
1780711880348 49.47265625 16
1780711883773 49.39453125 17
1780711887171 49.609375 18
1780711890578 49.375 19
1780711893987 49.5703125 20
1780711897392 49.5703125 21
1780711900800 49.453125 22
1780711904212 49.5703125 23
1780711907623 49.47265625 24
1780711911034 49.78515625 25
1780711914463 49.43359375 26
1780711917882 49.4921875 27
1780711921283 49.35546875 28
1780711924690 50.8203125 29
1780711928103 49.7265625 30
1780711931511 49.4140625 31
1780711934919 51.24999999999999 32
1780711938325 50.234375 33
1780711941739 49.5703125 34
1780711945151 50.29296875 35
1780711948554 49.55078125 36
1780711951959 49.58984375 37
1780711955373 49.6875 38
1780711958782 52.109375 39
1780711962291 50.56640624999999 40
1780711965685 49.5703125 41
1780711969111 52.36328125000001 42
1780711972547 49.6484375 43
1780711975944 49.453125 44
1780711979376 55.54687499999999 45
1780711982798 51.77734375000001 46
1780711986189 55.3125 47
1780711989630 49.55078125 48
1780711993071 50.44921875 49
1780711996464 50.33203125 50
1780711999919 54.0625 51
1780712003363 50.52734375 52
1780712006758 51.07421875 53
1780712010223 52.79296875 54
1780712013683 53.14453125000001 55
1780712017075 52.109375 56
1780712020510 51.11328125 57
1780712023959 50.72265625 58
1780712027352 54.82421875 59
1780712030803 50.76171874999999 60
1780712034278 52.734375 61
1780712037673 52.67578125 62
1780712041105 52.98828125 63
1780712044535 57.36328125 64
1780712047921 64.47265625 65
1780712051366 53.7109375 66
1780712054816 52.55859375000001 67
1780712058210 50.7421875 68
1780712061641 50.95703124999999 69
1780712065070 50.66406249999999 70
1780712068453 54.08203124999999 71
1780712071888 51.81640625 72
1780712075318 60.03906249999999 73
1780712078703 51.50390625 74
1780712082143 50.76171874999999 75
1780712085573 52.109375 76
1780712088959 54.00390625 77
1780712092393 52.81249999999999 78
1780712095824 58.828125 79
1780712099245 52.12890624999999 80
1780712102667 61.23046875 81
1780712106089 59.90234375 82
1780712109476 56.95312500000001 83
1780712112918 57.14843750000001 84
1780712116363 54.00390625 85
1780712119759 61.77734375 86
1780712123223 57.55859375 87
1780712126669 52.109375 88
1780712130055 62.03125000000001 89
1780712133492 62.67578124999999 90
1780712136932 60.01953125 91
1780712140341 62.12890625000001 92
1780712143782 59.04296875 93
1780712147207 59.140625 94
1780712150594 61.46484375 95
1780712154031 58.02734375000001 96
1780712157462 64.00390625 97
1780712160849 66.62109375 98
1780712164301 65.56640625 99
1780712167733 58.57421874999999 100
1780712171123 57.75390625 101
1780712174562 57.28515625 102
1780712177999 66.484375 103
1780712181389 62.71484375000001 104
1780712184871 67.24609375 105
1780712188318 68.984375 106
1780712191719 73.3203125 107
1780712195168 72.05078125 108
1780712198612 75.72265625 109
1780712202009 68.203125 110
1780712205457 67.8515625 111
1780712208903 70.25390625 112
1780712212294 68.73046875 113
1780712215723 69.86328125 114
1780712219156 66.26953125 115
1780712222544 60.87890625 116
1780712225979 64.0234375 117
1780712229414 61.77734375 118
1780712232801 65.76171875 119
1780712236304 69.90234375 120
1780712239755 68.88671875 121
1780712243158 72.24609375 122
1780712246617 69.86328125 123
1780712250066 74.86328125 124
1780712253465 73.359375 125
1780712256909 70.05859375 126
1780712260355 68.984375 127
1780712263765 72.1875 128
1780712267214 74.74609375 129
1780712270663 73.73046875 130
1780712274066 72.05078125 131
1780712277510 72.34375 132
1780712280955 72.63671875 133
1780712284356 70.078125 134
1780712287812 74.70703125 135
1780712291249 75.17578125 136
1780712294652 79.16015625 137
1780712298110 70.76171875 138
1780712301549 71.34765625 139
1780712304958 73.28125 140
1780712308404 77.6171875 141
1780712311845 73.515625 142
1780712315252 73.33984375 143
1780712318704 73.90625 144
1780712322149 74.70703125 145
1780712325553 70.37109375 146
1780712329014 72.03125 147
1780712332471 74.16015625 148
1780712335882 76.77734375 149
1780712339342 76.42578125 150
1780712342793 70.17578125 151
1780712346212 73.10546875 152
1780712349668 70.87890625 153
1780712353124 72.98828125 154
1780712356534 73.2421875 155
1780712359976 71.50390625 156
1780712363418 71.8359375 157
1780712366808 73.84765625 158
1780712370246 73.14453125 159
1780712373718 70.625 160
1780712377108 75.859375 161
1780712380511 74.2578125 162
1780712383926 71.50390625 163
1780712387338 73.7109375 164
1780712390742 68.3984375 165
1780712394149 72.28515625 166
1780712397559 71.81640625 167
1780712400967 68.84765625 168
1780712404380 72.48046875 169
1780712407893 71.58203125 170
1780712411291 69.16015625 171
1780712414692 72.03125 172
1780712418271 73.57421875 173
1780712421678 71.26953125 174
1780712425082 71.796875 175
1780712428492 71.50390625 176
1780712431901 71.9921875 177
1780712435316 70.91796875 178
1780712438896 74.00390625 179
1780712442290 72.8515625 180
1780712445692 73.61328125 181
1780712449094 73.59375 182
1780712452509 71.25 183
1780712455922 72.87109375 184
1780712459325 72.44140625 185
1780712462728 73.8671875 186
1780712466139 73.5546875 187
1780712469552 73.203125 188
1780712472961 73.37890625 189
1780712476532 76.93359375 190
1780712479930 74.4140625 191
1780712483329 71.62109375 192
1780712486741 74.58984375 193
1780712490157 74.04296875 194
1780712493722 78.37890625 195
1780712497120 76.77734375 196
1780712500509 77.2265625 197
1780712503913 71.953125 198
1780712507337 76.1328125 199
1780712510843 74.00390625 200
