1780711829201 0.43184552192687986 1
1780711832604 3.299301528930664 2
1780711836014 10.612947082519531 3
1780711839425 36.486795043945314 4
1780711842834 23.120101928710938 5
1780711846254 33.60212707519531 6
1780711849666 33.11343994140625 7
1780711853066 33.11277465820312 8
1780711856483 30.671994018554688 9
1780711859893 37.28590698242188 10
1780711863310 36.6454345703125 11
1780711866711 38.888580322265625 12
1780711870114 19.95237579345703 13
1780711873533 31.282485961914062 14
1780711876943 36.84114074707031 15
1780711880347 36.530126953125 16
1780711883772 38.79954833984375 17
1780711887170 26.790234375 18
1780711890578 26.960098266601562 19
1780711893987 24.622015380859374 20
1780711897392 28.147848510742186 21
1780711900799 27.506536865234374 22
1780711904211 30.975234985351562 23
1780711907622 25.050155639648438 24
1780711911033 18.499810791015626 25
1780711914462 27.12012939453125 26
1780711917882 27.1426025390625 27
1780711921282 25.44010772705078 28
1780711924689 18.581280517578126 29
1780711928102 14.575184631347657 30
1780711931510 18.962860107421875 31
1780711934918 17.863885498046876 32
1780711938324 16.5260498046875 33
1780711941738 18.510012817382812 34
1780711945151 18.340762329101562 35
1780711948553 21.233056640625 36
1780711951958 21.268769836425783 37
1780711955372 23.682780456542968 38
1780711958781 11.963075256347656 39
1780711962290 16.94396057128906 40
1780711965684 18.69031982421875 41
1780711969110 10.193260192871094 42
1780711972546 15.582225036621093 43
1780711975943 16.006977844238282 44
1780711979375 11.928105926513672 45
1780711982798 15.607919311523437 46
1780711986189 11.678290557861327 47
1780711989629 17.56348571777344 48
1780711993070 19.92949981689453 49
1780711996463 21.277696228027345 50
1780711999918 15.496833801269531 51
1780712003362 16.420948791503907 52
1780712006758 18.46361389160156 53
1780712010222 14.069853210449219 54
1780712013683 13.832293701171874 55
1780712017074 14.192720031738281 56
1780712020509 11.737737274169922 57
1780712023958 11.890790557861328 58
1780712027351 11.234432983398438 59
1780712030802 14.14923553466797 60
1780712034277 11.631716918945312 61
1780712037672 17.74931182861328 62
1780712041105 16.561860656738283 63
1780712044534 12.368714904785156 64
1780712047920 7.65111083984375 65
1780712051365 12.267888641357422 66
1780712054816 9.414984130859375 67
1780712058209 10.437413787841797 68
1780712061641 9.169786071777343 69
1780712065069 11.86472396850586 70
1780712068452 14.51290283203125 71
1780712071887 13.534805297851562 72
1780712075317 7.698279571533203 73
1780712078703 12.655647277832031 74
1780712082142 10.142803192138672 75
1780712085573 9.474464416503906 76
1780712088959 11.052262115478516 77
1780712092392 12.841188049316406 78
1780712095823 8.570712280273437 79
1780712099244 12.278612518310547 80
1780712102667 9.197422790527344 81
1780712106088 8.216986846923827 82
1780712109475 8.000392150878906 83
1780712112917 9.152392578125 84
1780712116363 10.897755432128907 85
1780712119758 7.53511962890625 86
1780712123222 8.664096069335937 87
1780712126668 13.951881408691406 88
1780712130054 6.444033813476563 89
1780712133491 6.053057098388672 90
1780712136931 8.731781768798829 91
1780712140340 9.22977294921875 92
1780712143781 7.354061126708984 93
1780712147207 9.398431396484375 94
1780712150594 7.744103240966797 95
1780712154031 9.037101745605469 96
1780712157461 7.765110015869141 97
1780712160849 7.61982421875 98
1780712164300 6.4924568176269535 99
1780712167733 7.249723815917969 100
1780712171123 7.893686676025391 101
1780712174561 8.945677185058594 102
1780712177998 5.599234771728516 103
1780712181388 5.922934341430664 104
1780712184871 5.564471817016601 105
1780712188318 5.864157104492188 106
1780712191718 4.3635822296142575 107
1780712195167 4.359330749511718 108
1780712198611 3.9980701446533202 109
1780712202008 4.973604202270508 110
1780712205457 5.390250396728516 111
1780712208902 5.008757019042969 112
1780712212293 6.188839721679687 113
1780712215723 5.1348522186279295 114
1780712219155 5.5520061492919925 115
1780712222544 6.829069519042969 116
1780712225978 6.615483093261719 117
1780712229413 8.871963500976562 118
1780712232801 7.142781066894531 119
1780712236303 4.794268035888672 120
1780712239754 5.571524810791016 121
1780712243158 4.982016754150391 122
1780712246616 5.236065673828125 123
1780712250065 3.96063346862793 124
1780712253464 4.2977855682373045 125
1780712256909 5.442747116088867 126
1780712260354 6.675715637207031 127
1780712263764 4.3954933166503904 128
1780712267213 4.092248153686524 129
1780712270663 4.306784439086914 130
1780712274065 4.746619033813476 131
1780712277509 4.063487243652344 132
1780712280955 4.251152038574219 133
1780712284355 5.608151245117187 134
1780712287811 3.6572540283203123 135
1780712291248 3.8088405609130858 136
1780712294651 2.829048728942871 137
1780712298109 3.867979049682617 138
1780712301548 4.15263557434082 139
1780712304958 4.034737396240234 140
1780712308403 2.62030029296875 141
1780712311845 3.1172603607177733 142
1780712315252 3.3330997467041015 143
1780712318703 3.2528564453125 144
1780712322148 3.420553207397461 145
1780712325553 3.747316360473633 146
1780712329013 3.5960960388183594 147
1780712332470 2.910877990722656 148
1780712335882 1.9796787261962892 149
1780712339341 2.1042098999023438 150
1780712342792 3.078818130493164 151
1780712346211 2.962727165222168 152
1780712349667 3.134782409667969 153
1780712353123 2.871214485168457 154
1780712356533 2.904666709899902 155
1780712359976 2.896475982666016 156
1780712363418 2.633879470825195 157
1780712366808 2.3819198608398438 158
1780712370245 2.4784372329711912 159
1780712373718 2.706024932861328 160
1780712377107 3.2716114044189455 161
1780712380511 2.0197067260742188 162
1780712383925 3.2208160400390624 163
1780712387337 1.8285663604736329 164
1780712390741 2.6908857345581056 165
1780712394149 3.2816097259521486 166
1780712397559 2.376598358154297 167
1780712400967 2.640410804748535 168
1780712404380 2.0674297332763674 169
1780712407893 2.1320068359375 170
1780712411291 2.7351083755493164 171
1780712414691 2.5536430358886717 172
1780712418271 2.25704288482666 173
1780712421677 2.688130569458008 174
1780712425081 2.5729026794433594 175
1780712428492 2.548055076599121 176
1780712431900 2.5215431213378907 177
1780712435315 2.9897043228149416 178
1780712438895 2.1269134521484374 179
1780712442290 2.1842067718505858 180
1780712445692 2.146529769897461 181
1780712449094 2.0105875015258787 182
1780712452508 2.784889030456543 183
1780712455921 2.6836734771728517 184
1780712459324 2.402297592163086 185
1780712462727 2.202413558959961 186
1780712466139 2.181924819946289 187
1780712469551 2.144538688659668 188
1780712472960 2.2105499267578126 189
1780712476531 1.8227359771728515 190
1780712479929 2.2858837127685545 191
1780712483328 2.260572814941406 192
1780712486740 2.192865753173828 193
1780712490156 1.962127113342285 194
1780712493722 1.2946721076965333 195
1780712497119 1.3289186477661132 196
1780712500509 1.5993823051452636 197
1780712503913 2.4134750366210938 198
1780712507336 1.4169887542724608 199
1780712510842 1.765251922607422 200
