1780711664517 0.6604486390020734 1
1780711667738 0.6604486390020734 2
1780711670927 0.6604486390020734 3
1780711674173 0.6604486390020734 4
1780711677411 0.6604486390020734 5
1780711680750 0.6604486390020734 6
1780711684131 0.6604486390020734 7
1780711687358 0.6604486390020734 8
1780711690548 0.6604486390020734 9
1780711693793 0.6604486390020734 10
1780711697039 0.6604486390020734 11
1780711700239 0.6604486390020734 12
1780711703487 0.6604486390020734 13
1780711706748 0.6604486390020734 14
1780711710095 0.6604486390020734 15
1780711713333 0.6604486390020734 16
1780711716582 0.6604486390020734 17
1780711719779 0.6604486390020734 18
1780711723025 0.6604486390020734 19
1780711726425 0.6604486390020734 20
1780711729618 0.6604486390020734 21
1780711732866 0.6604486390020734 22
1780711736102 0.6604486390020734 23
1780711739316 0.6604486390020734 24
1780711742797 0.6604486390020734 25
1780711746044 0.6604486390020734 26
1780711749259 0.6604486390020734 27
1780711752507 0.6604486390020734 28
1780711755748 0.6604486390020734 29
1780711758975 0.6604486390020734 30
1780711762245 0.6604486390020734 31
1780711765500 0.6604486390020734 32
1780711768719 0.6604486390020734 33
1780711771972 0.6604486390020734 34
1780711775218 0.6604486390020734 35
1780711778420 0.6604486390020734 36
1780711781669 0.6604486390020734 37
1780711784918 0.6604486390020734 38
1780711788148 0.6604486390020734 39
1780711791408 0.6604486390020734 40
1780711794652 0.6604486390020734 41
1780711797868 0.6604486390020734 42
1780711801129 0.6604486390020734 43
1780711804379 0.6604486390020734 44
1780711807594 0.6604486390020734 45
1780711810858 0.6604486390020734 46
1780711814105 0.6604486390020734 47
1780711817307 0.6604486390020734 48
1780711820782 0.6604486390020734 49
1780711824019 0.6604486390020734 50
