1780711664516 87.40234375 1
1780711667737 81.38671875 2
1780711670926 49.8046875 3
1780711674172 64.296875 4
1780711677410 53.02734375 5
1780711680749 90.72265625 6
1780711684130 95.37109375 7
1780711687357 76.71875 8
1780711690547 87.96875 9
1780711693792 94.1796875 10
1780711697038 93.90625 11
1780711700237 95.625 12
1780711703486 95.05859375 13
1780711706747 96.2109375 14
1780711710094 97.3046875 15
1780711713332 95.078125 16
1780711716581 98.18359375 17
1780711719778 82.5 18
1780711723024 98.046875 19
1780711726424 98.9453125 20
1780711729617 94.19921875 21
1780711732865 99.453125 22
1780711736101 78.125 23
1780711739315 99.140625 24
1780711742795 98.84765625 25
1780711746043 98.359375 26
1780711749258 98.45703125 27
1780711752505 97.8125 28
1780711755747 99.0625 29
1780711758974 98.4765625 30
1780711762244 95.78125 31
1780711765499 88.3203125 32
1780711768718 99.35546875 33
1780711771970 98.84765625 34
1780711775217 99.1015625 35
1780711778419 98.671875 36
1780711781667 97.8125 37
1780711784916 97.578125 38
1780711788147 94.53125 39
1780711791407 99.4140625 40
1780711794651 99.921875 41
1780711797867 96.171875 42
1780711801128 100.0 43
1780711804377 99.78515625 44
1780711807593 99.9609375 45
1780711810856 99.70703125 46
1780711814104 93.8671875 47
1780711817306 99.6484375 48
1780711820781 99.74609375 49
1780711824017 99.62890625 50
