1780711664515 0.29225683212280273 1
1780711667736 0.3889589309692383 2
1780711670926 1.1026840209960938 3
1780711674171 0.8062052726745605 4
1780711677409 1.122486400604248 5
1780711680748 0.2156766414642334 6
1780711684129 0.11815453767776489 7
1780711687357 0.5804112434387207 8
1780711690546 0.32697043418884275 9
1780711693791 0.14075560569763185 10
1780711697037 0.1706618070602417 11
1780711700237 0.13856581449508668 12
1780711703485 0.13275972604751587 13
1780711706746 0.10253849029541015 14
1780711710094 0.07876410484313964 15
1780711713332 0.14855027198791504 16
1780711716580 0.04347800314426422 17
1780711719778 0.5154983520507812 18
1780711723023 0.0485038161277771 19
1780711726423 0.03517610132694245 20
1780711729616 0.13641077280044556 21
1780711732865 0.016175362467765807 22
1780711736100 0.8113348960876465 23
1780711739314 0.020295542478561402 24
1780711742794 0.028807038068771364 25
1780711746043 0.04044608771800995 26
1780711749257 0.042167526483535764 27
1780711752505 0.06315943598747253 28
1780711755747 0.026396360993385316 29
1780711758973 0.03345374464988708 30
1780711762243 0.1303881049156189 31
1780711765498 0.3959652900695801 32
1780711768717 0.013792546093463897 33
1780711771970 0.029544180631637572 34
1780711775216 0.021471302211284637 35
1780711778418 0.030347049236297607 36
1780711781666 0.05908304452896118 37
1780711784916 0.06868457794189453 38
1780711788146 0.19917515516281128 39
1780711791406 0.01767038702964783 40
1780711794650 0.003925110027194023 41
1780711797866 0.10098433494567871 42
1780711801127 0.0007632095832377673 43
1780711804377 0.006669137626886368 44
1780711807592 0.0022962618619203567 45
1780711810856 0.007282263040542603 46
1780711814103 0.19749996662139893 47
1780711817305 0.008179565519094467 48
1780711820780 0.007186463475227356 49
1780711824017 0.01034051701426506 50
