1780710979207 9.871720115792458 1
1780710982591 9.73846602312333 2
1780710985985 9.607010669985385 3
1780710989389 9.477329775969402 4
1780710992803 9.349399388416924 5
1780710996213 9.223195877996107 6
1780710999615 9.098695934337265 7
1780711003021 8.97587656172734 8
1780711006426 8.854715074862488 9
1780711009830 8.735189094657999 10
1780711013236 8.617276544114779 11
1780711016643 8.500955644241614 12
1780711020049 8.386204910032514 13
1780711023459 8.273003146498311 14
1780711026867 8.161329444751857 15
1780711030271 8.051163178146055 16
1780711033672 7.942483998464022 17
1780711037081 7.835271832160679 18
1780711040490 7.729506876655075 19
1780711043891 7.625169596672762 20
1780711047295 7.522240720637536 21
1780711050701 7.420701237111888 22
1780711054105 7.320532391285504 23
1780711057514 7.221715681511169 24
1780711060925 7.124232855887427 25
1780711064327 7.028065908887363 26
1780711067729 6.93319707803291 27
1780711071135 6.839608840614027 28
1780711074543 6.747283910452188 29
1780711077950 6.656205234707526 30
1780711081355 6.566355990729111 31
1780711084764 6.477719582947724 32
1780711088168 6.390279639810574 33
1780711091570 6.304020010757405 34
1780711094978 6.218924763237407 35
1780711098385 6.134978179766401 36
1780711101795 6.052164755023752 37
1780711105200 5.970469192988459 38
1780711108601 5.889876404113914 39
1780711112095 5.810371502540789 40
1780711115481 5.731939803347555 41
1780711118906 5.654566819838102 42
1780711122329 5.578238260865986 43
1780711125710 5.502940028194785 44
1780711129147 5.42865821389409 45
1780711132580 5.3553790977706495 46
1780711135963 5.283089144834179 47
1780711139392 5.2117750027973955 48
1780711142825 5.14142349960978 49
1780711146210 5.072021641024648 50
1780711149640 5.003556608199041 51
1780711153068 4.93601575532604 52
1780711156451 4.869386607299015 53
1780711159881 4.8036568574074225 54
1780711163313 4.738814365063698 55
1780711166698 4.674847153560831 56
1780711170128 4.611743407860217 57
1780711173554 4.5494914724093585 58
1780711176938 4.488079848989038 59
1780711180367 4.42749719458954 60
1780711183792 4.367732319315543 61
1780711187173 4.308774184319299 62
1780711190601 4.250611899761707 63
1780711194030 4.193234722800904 64
1780711197410 4.136632055608017 65
1780711200837 4.080793443409698 66
1780711204266 4.025708572557073 67
1780711207652 3.971367268620767 68
1780711211082 3.917759494511639 69
1780711214510 3.8648753486268865 70
1780711217895 3.812705063021173 71
1780711221327 3.7612390016024437 72
1780711224756 3.7104676583520946 73
1780711228139 3.6603816555691675 74
1780711231571 3.610971742138246 75
1780711235000 3.562228791820731 76
1780711238382 3.5141438015691797 77
1780711241807 3.466707889864409 78
1780711245238 3.419912295075029 79
1780711248650 3.373748373839136 80
1780711252037 3.3282075994678406 81
1780711255434 3.283281560370349 82
1780711258842 3.238961958500304 83
1780711262254 3.1952406078230986 84
1780711265659 3.1521094328038766 85
1780711269059 3.1095604669159425 86
1780711272465 3.0675858511693117 87
1780711275876 3.0261778326591147 88
1780711279281 2.9853287631336007 89
1780711282685 2.9450310975814724 90
1780711286094 2.905277392838286 91
1780711289504 2.866060306211664 92
1780711292909 2.827372594125068 93
1780711296323 2.7892071107798735 94
1780711299748 2.7515568068355116 95
1780711303174 2.7144147281074216 96
1780711306583 2.677774014282581 97
1780711309989 2.641627897652374 98
1780711313397 2.605969701862565 99
1780711316801 2.5707928406801446 100
1780711320213 2.5360908167768237 101
1780711323620 2.501857220528944 102
1780711327031 2.4680857288335956 103
1780711330452 2.434770103940705 104
1780711333880 2.401904192300898 105
1780711337294 2.3694819234289097 106
1780711340701 2.33749730878234 107
1780711344101 2.305944440655536 108
1780711347514 2.2748174910884176 109
1780711350924 2.244110710790026 110
1780711354324 2.2138184280766002 111
1780711357728 2.1839350478239923 112
1780711361136 2.1544550504342226 113
1780711364550 2.125372990815985 114
1780711367952 2.096683497378911 115
1780711371352 2.068381271041416 116
1780711374756 2.040461084251931 117
1780711378167 2.0129177800233515 118
1780711381579 1.9857462709805185 119
1780711385055 1.9589415384205564 120
1780711388450 1.932498631385895 121
1780711391887 1.9064126657498048 122
1780711395335 1.8806788233142777 123
1780711398730 1.8552923509200823 124
1780711402180 1.8302485595688336 125
1780711405619 1.805542823556914 126
1780711409019 1.7811705796210842 127
1780711412457 1.7571273260956268 128
1780711415891 1.7334086220808698 129
1780711419286 1.7100100866229295 130
1780711422730 1.68692739790453 131
1780711426160 1.6641562924467443 132
1780711429553 1.6416925643215055 133
1780711432999 1.6195320643747588 134
1780711436437 1.5976706994600895 135
1780711439844 1.5761044316827015 136
1780711443302 1.5548292776535995 137
1780711446747 1.5338413077538373 138
1780711450151 1.5131366454087014 139
1780711453598 1.492711466371688 140
1780711457035 1.4725619980181481 141
1780711460434 1.4526845186484656 142
1780711463875 1.4330753568006416 143
1780711467322 1.4137308905721613 144
1780711470717 1.3946475469510087 145
1780711474165 1.3758218011557162 146
1780711477600 1.3572501759843216 147
1780711481004 1.3389292411721128 148
1780711484447 1.3208556127580404 149
1780711487887 1.3030259524596874 150
1780711491280 1.2854369670566703 151
1780711494724 1.268085407782368 152
1780711498159 1.2509680697238592 153
1780711501557 1.2340817912299593 154
1780711505000 1.2174234533272503 155
1780711508442 1.2009899791439906 156
1780711511838 1.1847783333418045 157
1780711515281 1.1687855215550378 158
1780711518714 1.1530085898376896 159
1780711522148 1.1374446241178007 160
1780711525581 1.1220907496592125 161
1780711529015 1.106944130530591 162
1780711532411 1.0920019690816152 163
1780711535861 1.0772615054262402 164
1780711539297 1.0627200169329323 165
1780711542695 1.0483748177217862 166
1780711546135 1.034223258168432 167
1780711549575 1.0202627244146365 168
1780711552969 1.0064906378855107 169
1780711556513 0.9929044548132366 170
1780711559956 0.9795016657672211 171
1780711563356 0.9662797951905923 172
1780711566806 0.9532364009429528 173
1780711570245 0.9403690738493055 174
1780711573642 0.9276754372550676 175
1780711577084 0.9151531465870912 176
1780711580521 0.902799888920611 177
1780711583925 0.8906133825520347 178
1780711587375 0.8785913765775037 179
1780711590818 0.8667316504771393 180
1780711594229 0.8550320137049032 181
1780711597845 0.8434903052839938 182
1780711601294 0.8321043934077026 183
1780711604690 0.820872175045661 184
1780711608135 0.8097915755554006 185
1780711611575 0.7988605482991564 186
1780711614979 0.788077074265845 187
1780711618578 0.7774391616981419 188
1780711622023 0.766944845724596 189
1780711625576 0.756592187996709 190
1780711629018 0.7463792763309128 191
1780711632461 0.7363042243553806 192
1780711636010 0.7263651711616053 193
1780711639451 0.7165602809606814 194
1780711642889 0.7068877427442262 195
1780711646286 0.6973457699498781 196
1780711649736 0.6879326001313103 197
1780711653176 0.6786464946326989 198
1780711656583 0.6694857382675854 199
1780711660069 0.6604486390020734 200
