1780710979205 2.118478775024414 1
1780710982590 4.03863296508789 2
1780710985983 4.162699127197266 3
1780710989387 4.1918174743652346 4
1780710992800 4.269437408447265 5
1780710996211 4.545935440063476 6
1780710999613 4.595461654663086 7
1780711003018 4.741838073730468 8
1780711006423 4.970878219604492 9
1780711009827 4.8888603210449215 10
1780711013234 5.024897766113281 11
1780711016641 5.339022445678711 12
1780711020047 5.052972030639649 13
1780711023456 5.256560516357422 14
1780711026864 5.4995582580566404 15
1780711030269 5.522509765625 16
1780711033670 5.9406085968017575 17
1780711037079 5.585879898071289 18
1780711040488 5.250444412231445 19
1780711043889 5.537011337280274 20
1780711047293 5.707783889770508 21
1780711050699 5.852324295043945 22
1780711054103 6.231443786621094 23
1780711057512 7.010796356201172 24
1780711060923 6.636280822753906 25
1780711064325 6.770769500732422 26
1780711067727 6.937146759033203 27
1780711071133 7.388885498046875 28
1780711074541 6.031927490234375 29
1780711077947 6.079342651367187 30
1780711081353 7.096903991699219 31
1780711084762 6.906805419921875 32
1780711088166 7.001412200927734 33
1780711091568 6.7982948303222654 34
1780711094976 7.01640625 35
1780711098383 7.563832092285156 36
1780711101793 8.135089111328124 37
1780711105198 8.623932647705079 38
1780711108599 8.65733642578125 39
1780711112092 7.884809875488282 40
1780711115480 8.412154388427734 41
1780711118904 8.354068756103516 42
1780711122327 7.4850624084472654 43
1780711125709 8.014678955078125 44
1780711129145 7.989115142822266 45
1780711132578 7.836132049560547 46
1780711135961 7.69220199584961 47
1780711139390 8.219197082519532 48
1780711142824 8.456159973144532 49
1780711146209 8.738028717041015 50
1780711149638 7.6616371154785154 51
1780711153066 8.414413452148438 52
1780711156450 8.773275756835938 53
1780711159879 7.836826324462891 54
1780711163311 9.574150085449219 55
1780711166696 8.673584747314454 56
1780711170126 8.277041625976562 57
1780711173553 7.5729728698730465 58
1780711176937 8.022057342529298 59
1780711180365 7.7385612487792965 60
1780711183791 8.370021057128906 61
1780711187171 8.375501251220703 62
1780711190599 8.380097198486329 63
1780711194028 8.93369369506836 64
1780711197408 8.368807983398437 65
1780711200835 8.454652404785156 66
1780711204265 9.082222747802735 67
1780711207650 9.426530456542968 68
1780711211080 9.70423583984375 69
1780711214508 9.949855041503906 70
1780711217893 8.804389953613281 71
1780711221325 9.376578521728515 72
1780711224754 7.162339782714843 73
1780711228138 8.487271118164063 74
1780711231569 8.562196350097656 75
1780711234998 8.0150390625 76
1780711238380 6.885846710205078 77
1780711241805 8.230054473876953 78
1780711245236 7.167807769775391 79
1780711248648 8.219518280029297 80
1780711252035 8.237125396728516 81
1780711255431 8.128733825683593 82
1780711258840 6.608917999267578 83
1780711262252 8.10113067626953 84
1780711265657 10.275495910644532 85
1780711269057 9.678404235839844 86
1780711272462 10.034110260009765 87
1780711275874 10.097279357910157 88
1780711279279 6.687316131591797 89
1780711282682 7.503108215332031 90
1780711286092 7.913580322265625 91
1780711289502 6.9772186279296875 92
1780711292907 9.403849792480468 93
1780711296320 6.777032470703125 94
1780711299746 6.724623107910157 95
1780711303172 8.113514709472657 96
1780711306581 6.809474945068359 97
1780711309986 6.752960968017578 98
1780711313395 7.283760833740234 99
1780711316799 7.815624237060547 100
1780711320210 7.302761840820312 101
1780711323618 7.8179985046386715 102
1780711327029 6.027528762817383 103
1780711330450 6.419023895263672 104
1780711333877 5.681312179565429 105
1780711337292 4.746916198730469 106
1780711340699 4.639585494995117 107
1780711344099 4.912841415405273 108
1780711347511 4.769600296020508 109
1780711350922 5.267256164550782 110
1780711354322 5.304164886474609 111
1780711357726 5.2515514373779295 112
1780711361133 5.750546646118164 113
1780711364548 4.408709335327148 114
1780711367950 6.957194519042969 115
1780711371350 7.682051086425782 116
1780711374754 7.272148132324219 117
1780711378165 4.468527984619141 118
1780711381577 5.137806701660156 119
1780711385053 5.362071990966797 120
1780711388449 6.82935791015625 121
1780711391885 4.148990249633789 122
1780711395333 5.649238586425781 123
1780711398728 4.197922897338867 124
1780711402178 4.711354827880859 125
1780711405617 5.354381561279297 126
1780711409017 4.383843994140625 127
1780711412454 3.767060089111328 128
1780711415890 3.4389842987060546 129
1780711419285 4.386804580688477 130
1780711422728 3.7982730865478516 131
1780711426159 3.674432373046875 132
1780711429552 3.5710895538330076 133
1780711432997 4.897471237182617 134
1780711436435 3.253060150146484 135
1780711439843 4.0142066955566404 136
1780711443300 3.4498580932617187 137
1780711446745 5.272856521606445 138
1780711450150 3.7245967864990233 139
1780711453596 2.2801076889038088 140
1780711457033 2.789594841003418 141
1780711460432 2.804193687438965 142
1780711463873 2.5346532821655274 143
1780711467320 3.3172958374023436 144
1780711470716 2.9789024353027345 145
1780711474163 2.5275190353393553 146
1780711477598 3.236511993408203 147
1780711481000 2.893146514892578 148
1780711484445 1.6973068237304687 149
1780711487885 2.2431661605834963 150
1780711491278 3.4525123596191407 151
1780711494722 2.296319770812988 152
1780711498157 2.2346479415893556 153
1780711501556 2.8693389892578125 154
1780711504998 2.6643924713134766 155
1780711508440 3.1557193756103517 156
1780711511837 3.3669204711914062 157
1780711515279 2.2799028396606444 158
1780711518713 3.1399986267089846 159
1780711522146 2.5339527130126953 160
1780711525579 2.0434146881103517 161
1780711529014 2.337909126281738 162
1780711532409 3.607204055786133 163
1780711535859 1.8692604064941407 164
1780711539295 1.8210289001464843 165
1780711542694 2.137628173828125 166
1780711546133 1.6147661209106445 167
1780711549574 1.7662817001342774 168
1780711552967 1.5385889053344726 169
1780711556511 1.3693781852722169 170
1780711559955 1.9081422805786132 171
1780711563355 1.838243293762207 172
1780711566804 1.7270360946655274 173
1780711570243 1.604179573059082 174
1780711573641 1.7547031402587892 175
1780711577082 1.4221133232116698 176
1780711580519 1.6129636764526367 177
1780711583923 2.185588073730469 178
1780711587373 1.632662010192871 179
1780711590816 1.4821412086486816 180
1780711594228 1.7437168121337892 181
1780711597844 1.4278515815734862 182
1780711601292 1.861465072631836 183
1780711604689 1.7286935806274415 184
1780711608133 1.8736137390136718 185
1780711611574 1.5251096725463866 186
1780711614977 1.5450953483581542 187
1780711618576 1.2346158981323243 188
1780711622021 1.5344433784484863 189
1780711625574 1.1570591926574707 190
1780711629016 1.8045555114746095 191
1780711632459 1.4193167686462402 192
1780711636008 1.2273269653320313 193
1780711639449 1.3526644706726074 194
1780711642887 1.0282919883728028 195
1780711646284 1.2354896545410157 196
1780711649734 1.168508529663086 197
1780711653174 1.2140656471252442 198
1780711656581 1.2752011299133301 199
1780711660067 1.3673531532287597 200
