1780710979206 61.23046875 1
1780710982590 49.4140625 2
1780710985983 49.74609375 3
1780710989387 49.4921875 4
1780710992801 49.39453125 5
1780710996212 49.5703125 6
1780710999613 49.5703125 7
1780711003019 49.62890625 8
1780711006424 49.39453125 9
1780711009828 49.6484375 10
1780711013234 49.47265625 11
1780711016642 49.7265625 12
1780711020047 49.70703125 13
1780711023457 49.53125 14
1780711026865 49.47265625 15
1780711030270 49.47265625 16
1780711033671 49.39453125 17
1780711037080 49.609375 18
1780711040489 49.375 19
1780711043890 49.5703125 20
1780711047294 49.5703125 21
1780711050699 49.453125 22
1780711054103 49.5703125 23
1780711057513 49.47265625 24
1780711060923 49.78515625 25
1780711064325 49.43359375 26
1780711067728 49.4921875 27
1780711071133 49.35546875 28
1780711074541 49.74609375 29
1780711077948 49.62890625 30
1780711081354 49.39453125 31
1780711084762 49.453125 32
1780711088166 49.6484375 33
1780711091569 49.53125 34
1780711094976 49.94140625 35
1780711098384 49.4921875 36
1780711101794 49.58984375 37
1780711105199 49.6875 38
1780711108600 49.5703125 39
1780711112093 49.58984375 40
1780711115480 49.51171875 41
1780711118905 49.27734375 42
1780711122328 49.6484375 43
1780711125709 49.23828125 44
1780711129146 49.53125 45
1780711132579 50.0390625 46
1780711135962 49.84375 47
1780711139391 49.39453125 48
1780711142824 49.31640625 49
1780711146209 49.609375 50
1780711149639 50.15625 51
1780711153067 49.609375 52
1780711156450 49.7265625 53
1780711159880 50.29296875 54
1780711163312 49.5703125 55
1780711166697 50.11718750000001 56
1780711170127 49.51171875 57
1780711173553 50.01953125000001 58
1780711176937 49.90234375 59
1780711180366 50.25390625 60
1780711183791 49.74609375 61
1780711187172 50.5859375 62
1780711190600 50.85937499999999 63
1780711194029 50.3515625 64
1780711197409 51.07421875 65
1780711200836 50.11718750000001 66
1780711204265 49.921875 67
1780711207651 49.66796875 68
1780711211080 49.609375 69
1780711214509 49.5703125 70
1780711217894 52.01171875 71
1780711221326 49.39453125 72
1780711224755 50.0 73
1780711228138 49.5703125 74
1780711231570 49.62890625 75
1780711234998 50.68359375 76
1780711238381 54.00390625 77
1780711241805 50.31250000000001 78
1780711245236 53.3203125 79
1780711248649 50.76171874999999 80
1780711252036 51.015625 81
1780711255432 50.70312500000001 82
1780711258840 53.96484375 83
1780711262252 51.69921875 84
1780711265657 50.234375 85
1780711269058 51.48437500000001 86
1780711272463 50.7421875 87
1780711275874 49.84375 88
1780711279279 54.80468750000001 89
1780711282683 51.796875 90
1780711286093 52.01171875 91
1780711289503 54.94140625 92
1780711292907 50.64453125 93
1780711296321 55.76171875 94
1780711299747 54.21875000000001 95
1780711303173 50.70312500000001 96
1780711306582 56.30859375 97
1780711309987 55.99609375 98
1780711313396 52.75390625000001 99
1780711316800 51.23046875 100
1780711320211 53.53515625000001 101
1780711323619 53.41796875 102
1780711327030 56.50390625 103
1780711330451 54.82421875 104
1780711333878 57.73437500000001 105
1780711337293 62.59765625 106
1780711340700 61.46484375 107
1780711344100 60.21484375 108
1780711347512 62.01171875 109
1780711350922 61.09375 110
1780711354322 60.72265624999999 111
1780711357727 60.21484375 112
1780711361134 58.33984375 113
1780711364549 64.5703125 114
1780711367951 55.0390625 115
1780711371351 54.31640625000001 116
1780711374755 55.87890625000001 117
1780711378166 62.65625 118
1780711381578 63.57421875 119
1780711385053 55.93749999999999 120
1780711388449 57.578125 121
1780711391886 66.54296875 122
1780711395333 58.28124999999999 123
1780711398729 65.6640625 124
1780711402179 60.703125 125
1780711405618 60.13671874999999 126
1780711409017 65.09765625 127
1780711412455 66.42578125 128
1780711415890 69.74609375 129
1780711419285 64.35546875 130
1780711422729 66.34765625 131
1780711426159 68.1640625 132
1780711429552 67.44140625 133
1780711432998 62.24609375 134
1780711436435 71.11328125 135
1780711439843 63.76953125 136
1780711443300 71.19140625 137
1780711446746 60.03906249999999 138
1780711450150 67.1484375 139
1780711453597 76.40625 140
1780711457033 70.4296875 141
1780711460433 72.08984375 142
1780711463874 73.75 143
1780711467321 68.828125 144
1780711470716 70.60546875 145
1780711474163 72.34375 146
1780711477599 66.85546875 147
1780711481001 70.99609375 148
1780711484446 79.35546875 149
1780711487886 75.0390625 150
1780711491279 65.68359375 151
1780711494722 77.28515625 152
1780711498157 76.54296875 153
1780711501556 72.24609375 154
1780711504999 73.515625 155
1780711508441 69.27734375 156
1780711511837 69.31640625 157
1780711515280 73.359375 158
1780711518713 72.01171875 159
1780711522147 74.2578125 160
1780711525580 76.8359375 161
1780711529014 74.2578125 162
1780711532409 70.3125 163
1780711535860 77.28515625 164
1780711539296 75.859375 165
1780711542694 76.0546875 166
1780711546133 77.71484375 167
1780711549574 76.81640625 168
1780711552968 79.94140625 169
1780711556512 82.0703125 170
1780711559955 76.19140625 171
1780711563355 77.03125 172
1780711566805 78.84765625 173
1780711570244 80.41015625 174
1780711573641 78.3984375 175
1780711577083 82.265625 176
1780711580520 80.37109375 177
1780711583924 76.015625 178
1780711587374 81.85546875 179
1780711590817 81.6796875 180
1780711594228 79.16015625 181
1780711597844 82.34375 182
1780711601293 79.375 183
1780711604689 79.31640625 184
1780711608134 76.9921875 185
1780711611574 81.640625 186
1780711614978 81.77734375 187
1780711618577 82.65625 188
1780711622022 80.2734375 189
1780711625575 83.90625 190
1780711629017 78.92578125 191
1780711632460 80.859375 192
1780711636009 83.6328125 193
1780711639450 81.85546875 194
1780711642888 83.3984375 195
1780711646284 83.3203125 196
1780711649734 82.51953125 197
1780711653175 82.75390625 198
1780711656582 82.5 199
1780711660068 80.01953125 200
