1780715074613 0.2744391679763794 1
1780715077837 1.424105453491211 2
1780715081173 0.26144263744354246 3
1780715084397 0.26280486583709717 4
1780715087620 0.7345279216766357 5
1780715090961 0.1751544952392578 6
1780715094351 0.1296197772026062 7
1780715097738 0.07239378094673157 8
1780715100923 0.08191881179809571 9
1780715104146 0.0870359182357788 10
1780715107373 0.08374022841453552 11
1780715110712 0.06357312798500062 12
1780715114084 0.05073181390762329 13
1780715117310 0.07973745465278625 14
1780715120496 0.07327731251716614 15
1780715123724 0.02523700296878815 16
1780715126954 0.04608948230743408 17
1780715130137 0.5710852146148682 18
1780715133368 0.1561866044998169 19
1780715136598 0.014345571398735046 20
1780715139784 0.4127024173736572 21
1780715143012 0.11249653100967408 22
1780715146243 0.06787841320037842 23
1780715149430 0.054211157560348514 24
1780715152667 0.013110657036304475 25
1780715155900 0.014688478410243988 26
1780715159086 0.00895465537905693 27
1780715162321 0.021022462844848634 28
1780715165561 0.1177978515625 29
1780715168749 0.03360250294208526 30
1780715171981 0.2718201160430908 31
1780715175215 0.02830204665660858 32
1780715178402 0.01082436591386795 33
1780715181814 0.004245410114526749 34
1780715185045 0.005523831397294998 35
1780715188230 0.3000990390777588 36
1780715191466 0.004070298746228218 37
1780715194696 0.014393238723278046 38
1780715197883 0.007059786468744278 39
1780715201102 0.010760140419006348 40
1780715204325 0.001677679270505905 41
1780715207640 0.0013690304942429066 42
1780715210861 0.0008779166266322136 43
1780715214088 0.0007862699218094349 44
1780715217273 0.0023134661838412284 45
1780715220507 0.004476560652256012 46
1780715223737 0.08592978715896607 47
1780715226922 0.03605447709560394 48
1780715230152 0.0009583704173564911 49
1780715233372 0.0006062697619199752 50
