1780715074614 89.4140625 1
1780715077837 62.32421875000001 2
1780715081174 89.8828125 3
1780715084397 90.29296875 4
1780715087621 74.2578125 5
1780715090962 93.10546875 6
1780715094352 95.0390625 7
1780715097739 97.6171875 8
1780715100923 97.1484375 9
1780715104147 96.953125 10
1780715107374 96.97265625 11
1780715110713 97.890625 12
1780715114084 98.0078125 13
1780715117310 96.484375 14
1780715120496 96.97265625 15
1780715123725 99.16015625 16
1780715126954 98.2421875 17
1780715130137 83.3203125 18
1780715133368 93.76953125 19
1780715136598 99.609375 20
1780715139784 87.87109375 21
1780715143012 96.03515625 22
1780715146243 97.578125 23
1780715149431 97.8515625 24
1780715152667 99.62890625 25
1780715155901 99.53125 26
1780715159086 99.62890625 27
1780715162321 99.21875 28
1780715165562 96.1328125 29
1780715168750 98.7890625 30
1780715171982 92.32421875 31
1780715175216 98.984375 32
1780715178403 99.55078125 33
1780715181815 99.84375 34
1780715185045 99.84375 35
1780715188231 91.796875 36
1780715191467 99.8828125 37
1780715194696 99.453125 38
1780715197883 99.70703125 39
1780715201103 99.6484375 40
1780715204325 99.98046875 41
1780715207641 99.9609375 42
1780715210862 100.0 43
1780715214089 99.98046875 44
1780715217274 99.94140625 45
1780715220508 99.78515625 46
1780715223738 97.265625 47
1780715226923 98.4765625 48
1780715230153 100.0 49
1780715233373 100.0 50
