1780715074615 0.6604486390020734 1
1780715077838 0.6604486390020734 2
1780715081175 0.6604486390020734 3
1780715084399 0.6604486390020734 4
1780715087622 0.6604486390020734 5
1780715090963 0.6604486390020734 6
1780715094353 0.6604486390020734 7
1780715097740 0.6604486390020734 8
1780715100924 0.6604486390020734 9
1780715104148 0.6604486390020734 10
1780715107375 0.6604486390020734 11
1780715110714 0.6604486390020734 12
1780715114086 0.6604486390020734 13
1780715117311 0.6604486390020734 14
1780715120498 0.6604486390020734 15
1780715123726 0.6604486390020734 16
1780715126956 0.6604486390020734 17
1780715130138 0.6604486390020734 18
1780715133370 0.6604486390020734 19
1780715136600 0.6604486390020734 20
1780715139785 0.6604486390020734 21
1780715143014 0.6604486390020734 22
1780715146245 0.6604486390020734 23
1780715149432 0.6604486390020734 24
1780715152669 0.6604486390020734 25
1780715155902 0.6604486390020734 26
1780715159087 0.6604486390020734 27
1780715162323 0.6604486390020734 28
1780715165563 0.6604486390020734 29
1780715168751 0.6604486390020734 30
1780715171983 0.6604486390020734 31
1780715175217 0.6604486390020734 32
1780715178404 0.6604486390020734 33
1780715181816 0.6604486390020734 34
1780715185047 0.6604486390020734 35
1780715188232 0.6604486390020734 36
1780715191468 0.6604486390020734 37
1780715194698 0.6604486390020734 38
1780715197884 0.6604486390020734 39
1780715201104 0.6604486390020734 40
1780715204327 0.6604486390020734 41
1780715207642 0.6604486390020734 42
1780715210863 0.6604486390020734 43
1780715214090 0.6604486390020734 44
1780715217275 0.6604486390020734 45
1780715220510 0.6604486390020734 46
1780715223739 0.6604486390020734 47
1780715226924 0.6604486390020734 48
1780715230154 0.6604486390020734 49
1780715233374 0.6604486390020734 50
