1780714387399 9.871720115792458 1
1780714390846 9.73846602312333 2
1780714394247 9.607010669985385 3
1780714397691 9.477329775969402 4
1780714401132 9.349399388416924 5
1780714404532 9.223195877996107 6
1780714407994 9.098695934337265 7
1780714411439 8.97587656172734 8
1780714414848 8.854715074862488 9
1780714418297 8.735189094657999 10
1780714421742 8.617276544114779 11
1780714425150 8.500955644241614 12
1780714428602 8.386204910032514 13
1780714432037 8.273003146498311 14
1780714435440 8.161329444751857 15
1780714438887 8.051163178146055 16
1780714442328 7.942483998464022 17
1780714445734 7.835271832160679 18
1780714449178 7.729506876655075 19
1780714452611 7.625169596672762 20
1780714456006 7.522240720637536 21
1780714459460 7.420701237111888 22
1780714462901 7.320532391285504 23
1780714466293 7.221715681511169 24
1780714469754 7.124232855887427 25
1780714473198 7.028065908887363 26
1780714476596 6.93319707803291 27
1780714480039 6.839608840614027 28
1780714483487 6.747283910452188 29
1780714486893 6.656205234707526 30
1780714490336 6.566355990729111 31
1780714493776 6.477719582947724 32
1780714497175 6.390279639810574 33
1780714500628 6.304020010757405 34
1780714504073 6.218924763237407 35
1780714507476 6.134978179766401 36
1780714510921 6.052164755023752 37
1780714514363 5.970469192988459 38
1780714517761 5.889876404113914 39
1780714521254 5.810371502540789 40
1780714524712 5.731939803347555 41
1780714528116 5.654566819838102 42
1780714531563 5.578238260865986 43
1780714535009 5.502940028194785 44
1780714538415 5.42865821389409 45
1780714541862 5.3553790977706495 46
1780714545308 5.283089144834179 47
1780714548714 5.2117750027973955 48
1780714552160 5.14142349960978 49
1780714555605 5.072021641024648 50
1780714559002 5.003556608199041 51
1780714562457 4.93601575532604 52
1780714565906 4.869386607299015 53
1780714569303 4.8036568574074225 54
1780714572749 4.738814365063698 55
1780714576187 4.674847153560831 56
1780714579585 4.611743407860217 57
1780714583034 4.5494914724093585 58
1780714586487 4.488079848989038 59
1780714589891 4.42749719458954 60
1780714593341 4.367732319315543 61
1780714596782 4.308774184319299 62
1780714600184 4.250611899761707 63
1780714603630 4.193234722800904 64
1780714607073 4.136632055608017 65
1780714610471 4.080793443409698 66
1780714613927 4.025708572557073 67
1780714617371 3.971367268620767 68
1780714620769 3.917759494511639 69
1780714624217 3.8648753486268865 70
1780714627660 3.812705063021173 71
1780714631060 3.7612390016024437 72
1780714634504 3.7104676583520946 73
1780714637943 3.6603816555691675 74
1780714641341 3.610971742138246 75
1780714644784 3.562228791820731 76
1780714648232 3.5141438015691797 77
1780714651635 3.466707889864409 78
1780714655082 3.419912295075029 79
1780714658553 3.373748373839136 80
1780714661949 3.3282075994678406 81
1780714665402 3.283281560370349 82
1780714668843 3.238961958500304 83
1780714672241 3.1952406078230986 84
1780714675689 3.1521094328038766 85
1780714679133 3.1095604669159425 86
1780714682535 3.0675858511693117 87
1780714685982 3.0261778326591147 88
1780714689421 2.9853287631336007 89
1780714692814 2.9450310975814724 90
1780714696265 2.905277392838286 91
1780714699702 2.866060306211664 92
1780714703103 2.827372594125068 93
1780714706551 2.7892071107798735 94
1780714709991 2.7515568068355116 95
1780714713394 2.7144147281074216 96
1780714716842 2.677774014282581 97
1780714720288 2.641627897652374 98
1780714723687 2.605969701862565 99
1780714727131 2.5707928406801446 100
1780714730571 2.5360908167768237 101
1780714733972 2.501857220528944 102
1780714737418 2.4680857288335956 103
1780714740858 2.434770103940705 104
1780714744253 2.401904192300898 105
1780714747705 2.3694819234289097 106
1780714751145 2.33749730878234 107
1780714754550 2.305944440655536 108
1780714757998 2.2748174910884176 109
1780714761442 2.244110710790026 110
1780714764842 2.2138184280766002 111
1780714768291 2.1839350478239923 112
1780714771730 2.1544550504342226 113
1780714775134 2.125372990815985 114
1780714778590 2.096683497378911 115
1780714782036 2.068381271041416 116
1780714785432 2.040461084251931 117
1780714788877 2.0129177800233515 118
1780714792320 1.9857462709805185 119
1780714795753 1.9589415384205564 120
1780714799190 1.932498631385895 121
1780714802627 1.9064126657498048 122
1780714806025 1.8806788233142777 123
1780714809467 1.8552923509200823 124
1780714812911 1.8302485595688336 125
1780714816316 1.805542823556914 126
1780714819764 1.7811705796210842 127
1780714823203 1.7571273260956268 128
1780714826602 1.7334086220808698 129
1780714830053 1.7100100866229295 130
1780714833493 1.68692739790453 131
1780714836898 1.6641562924467443 132
1780714840344 1.6416925643215055 133
1780714843782 1.6195320643747588 134
1780714847176 1.5976706994600895 135
1780714850628 1.5761044316827015 136
1780714854068 1.5548292776535995 137
1780714857468 1.5338413077538373 138
1780714860910 1.5131366454087014 139
1780714864352 1.492711466371688 140
1780714867754 1.4725619980181481 141
1780714871197 1.4526845186484656 142
1780714874641 1.4330753568006416 143
1780714878040 1.4137308905721613 144
1780714881495 1.3946475469510087 145
1780714884932 1.3758218011557162 146
1780714888333 1.3572501759843216 147
1780714891778 1.3389292411721128 148
1780714895221 1.3208556127580404 149
1780714898620 1.3030259524596874 150
1780714902067 1.2854369670566703 151
1780714905499 1.268085407782368 152
1780714908896 1.2509680697238592 153
1780714912341 1.2340817912299593 154
1780714915792 1.2174234533272503 155
1780714919208 1.2009899791439906 156
1780714922658 1.1847783333418045 157
1780714926092 1.1687855215550378 158
1780714929479 1.1530085898376896 159
1780714932943 1.1374446241178007 160
1780714936369 1.1220907496592125 161
1780714939780 1.106944130530591 162
1780714943238 1.0920019690816152 163
1780714946674 1.0772615054262402 164
1780714950069 1.0627200169329323 165
1780714953515 1.0483748177217862 166
1780714956958 1.034223258168432 167
1780714960353 1.0202627244146365 168
1780714963799 1.0064906378855107 169
1780714967337 0.9929044548132366 170
1780714970735 0.9795016657672211 171
1780714974184 0.9662797951905923 172
1780714977612 0.9532364009429528 173
1780714981007 0.9403690738493055 174
1780714984452 0.9276754372550676 175
1780714987894 0.9151531465870912 176
1780714991296 0.902799888920611 177
1780714994741 0.8906133825520347 178
1780714998180 0.8785913765775037 179
1780715001578 0.8667316504771393 180
1780715005020 0.8550320137049032 181
1780715008455 0.8434903052839938 182
1780715011855 0.8321043934077026 183
1780715015295 0.820872175045661 184
1780715018730 0.8097915755554006 185
1780715022126 0.7988605482991564 186
1780715025577 0.788077074265845 187
1780715029018 0.7774391616981419 188
1780715032414 0.766944845724596 189
1780715036074 0.756592187996709 190
1780715039510 0.7463792763309128 191
1780715042906 0.7363042243553806 192
1780715046355 0.7263651711616053 193
1780715049993 0.7165602809606814 194
1780715053391 0.7068877427442262 195
1780715056831 0.6973457699498781 196
1780715060416 0.6879326001313103 197
1780715063815 0.6786464946326989 198
1780715067249 0.6694857382675854 199
1780715070909 0.6604486390020734 200
