1780714387398 50.78125 1
1780714390844 93.57421875 2
1780714394246 49.74609375 3
1780714397690 49.4921875 4
1780714401131 49.39453125 5
1780714404531 49.5703125 6
1780714407993 49.5703125 7
1780714411438 49.62890625 8
1780714414847 49.39453125 9
1780714418296 49.6484375 10
1780714421741 49.47265625 11
1780714425149 49.7265625 12
1780714428600 49.70703125 13
1780714432036 49.53125 14
1780714435439 49.47265625 15
1780714438886 49.47265625 16
1780714442327 49.39453125 17
1780714445733 49.609375 18
1780714449177 49.375 19
1780714452610 49.5703125 20
1780714456005 49.5703125 21
1780714459459 49.453125 22
1780714462900 49.5703125 23
1780714466292 49.47265625 24
1780714469752 49.78515625 25
1780714473197 49.43359375 26
1780714476595 49.4921875 27
1780714480037 49.35546875 28
1780714483486 49.74609375 29
1780714486892 49.62890625 30
1780714490335 49.39453125 31
1780714493774 49.453125 32
1780714497173 49.6484375 33
1780714500626 49.53125 34
1780714504072 49.94140625 35
1780714507475 49.4921875 36
1780714510919 49.58984375 37
1780714514362 49.6875 38
1780714517760 49.58984375 39
1780714521252 49.5703125 40
1780714524711 49.51171875 41
1780714528115 49.27734375 42
1780714531562 49.609375 43
1780714535008 49.23828125 44
1780714538414 49.4140625 45
1780714541861 49.66796875 46
1780714545307 49.375 47
1780714548713 49.39453125 48
1780714552159 49.296875 49
1780714555603 49.58984375 50
1780714559001 49.23828125 51
1780714562455 49.39453125 52
1780714565905 49.7265625 53
1780714569302 49.6875 54
1780714572747 49.51171875 55
1780714576186 49.609375 56
1780714579583 49.51171875 57
1780714583033 49.55078125 58
1780714586486 49.53125 59
1780714589890 49.66796875 60
1780714593340 49.39453125 61
1780714596781 49.609375 62
1780714600182 49.6875 63
1780714603629 49.765625 64
1780714607071 49.8828125 65
1780714610470 49.51171875 66
1780714613926 49.55078125 67
1780714617370 49.51171875 68
1780714620767 49.55078125 69
1780714624215 49.51171875 70
1780714627658 49.4921875 71
1780714631059 49.296875 72
1780714634503 50.3515625 73
1780714637942 50.21484375000001 74
1780714641340 49.47265625 75
1780714644783 49.4921875 76
1780714648231 49.58984375 77
1780714651634 50.52734375 78
1780714655081 50.89843750000001 79
1780714658552 49.1015625 80
1780714661948 49.765625 81
1780714665401 52.01171875 82
1780714668841 53.125 83
1780714672240 57.08984375 84
1780714675687 49.74609375 85
1780714679132 49.84375 86
1780714682534 49.27734375 87
1780714685981 49.4140625 88
1780714689420 49.53125 89
1780714692813 49.62890625 90
1780714696264 49.47265625 91
1780714699701 49.66796875 92
1780714703101 49.53125 93
1780714706550 49.8828125 94
1780714709990 50.80078125000001 95
1780714713393 54.94140625 96
1780714716840 53.84765625 97
1780714720286 51.09375000000001 98
1780714723686 52.109375 99
1780714727130 51.03515625 100
1780714730570 49.66796875 101
1780714733970 49.7265625 102
1780714737416 52.83203125 103
1780714740857 55.41015625 104
1780714744252 56.62109374999999 105
1780714747703 49.9609375 106
1780714751144 57.30468749999999 107
1780714754549 59.8046875 108
1780714757997 57.51953125 109
1780714761440 53.28125 110
1780714764841 53.41796875 111
1780714768290 52.51953124999999 112
1780714771729 54.47265624999999 113
1780714775133 56.95312500000001 114
1780714778589 52.81249999999999 115
1780714782035 55.87890625000001 116
1780714785431 56.36718750000001 117
1780714788875 52.5390625 118
1780714792319 49.94140625 119
1780714795752 56.17187500000001 120
1780714799189 54.296875 121
1780714802626 55.25390624999999 122
1780714806024 50.234375 123
1780714809466 52.16796875000001 124
1780714812910 50.89843750000001 125
1780714816314 59.10156250000001 126
1780714819763 52.7734375 127
1780714823202 51.58203125000001 128
1780714826601 61.5625 129
1780714830051 55.05859374999999 130
1780714833492 56.73828125 131
1780714836897 52.05078125 132
1780714840342 59.43359375 133
1780714843781 51.85546875 134
1780714847175 56.2109375 135
1780714850627 55.5078125 136
1780714854067 57.67578125 137
1780714857466 50.60546875000001 138
1780714860909 54.60937500000001 139
1780714864350 60.703125 140
1780714867753 63.94531249999999 141
1780714871196 51.77734375000001 142
1780714874640 66.1328125 143
1780714878039 56.640625 144
1780714881493 58.65234375 145
1780714884931 53.80859375 146
1780714888332 54.62890625 147
1780714891777 67.734375 148
1780714895219 73.3203125 149
1780714898619 67.44140625 150
1780714902066 56.8359375 151
1780714905497 64.27734375 152
1780714908895 55.17578125 153
1780714912340 65.41015625 154
1780714915791 72.75390625 155
1780714919207 55.6640625 156
1780714922656 63.7109375 157
1780714926091 71.69921875 158
1780714929478 72.05078125 159
1780714932941 68.45703125 160
1780714936368 65.95703125 161
1780714939779 74.82421875 162
1780714943236 62.34375 163
1780714946673 80.37109375 164
1780714950068 63.73046875 165
1780714953513 49.31640625 166
1780714956957 62.98828125 167
1780714960352 72.94921875 168
1780714963798 77.01171875 169
1780714967336 82.12890625 170
1780714970734 75.05859375 171
1780714974183 74.84375 172
1780714977611 77.3828125 173
1780714981006 77.734375 174
1780714984451 79.58984375 175
1780714987893 75.46875 176
1780714991295 75.1171875 177
1780714994739 77.1484375 178
1780714998179 71.7578125 179
1780715001577 81.11328125 180
1780715005019 76.66015625 181
1780715008454 80.91796875 182
1780715011853 76.26953125 183
1780715015293 74.94140625 184
1780715018729 78.14453125 185
1780715022125 81.73828125 186
1780715025575 78.2421875 187
1780715029017 81.38671875 188
1780715032413 80.1171875 189
1780715036072 83.61328125 190
1780715039508 78.92578125 191
1780715042905 78.45703125 192
1780715046353 82.3828125 193
1780715049992 83.3984375 194
1780715053390 80.234375 195
1780715056830 82.75390625 196
1780715060415 84.3359375 197
1780715063813 73.92578125 198
1780715067248 83.7109375 199
1780715070908 84.51171875 200
