1780714387397 1.2027440071105957 1
1780714390844 1.0404220581054688 2
1780714394245 44.34940795898437 3
1780714397689 86.13253784179688 4
1780714401130 69.00469970703125 5
1780714404530 91.16078491210938 6
1780714407992 91.12830810546875 7
1780714411437 97.177978515625 8
1780714414846 109.1109619140625 9
1780714418295 95.1740234375 10
1780714421740 94.46876831054688 11
1780714425148 150.57471923828126 12
1780714428600 83.72822265625 13
1780714432035 104.82457275390625 14
1780714435438 80.80647583007813 15
1780714438885 92.64012451171875 16
1780714442326 107.33538818359375 17
1780714445732 77.41002197265625 18
1780714449176 114.00302734375 19
1780714452609 103.07291259765626 20
1780714456004 109.36435546875 21
1780714459458 152.9697265625 22
1780714462899 174.8467529296875 23
1780714466292 152.52022705078124 24
1780714469751 133.8182861328125 25
1780714473196 162.60093994140624 26
1780714476595 146.5991943359375 27
1780714480036 178.112548828125 28
1780714483485 222.049755859375 29
1780714486891 220.1616943359375 30
1780714490334 197.177294921875 31
1780714493774 174.9009033203125 32
1780714497173 170.81484375 33
1780714500625 189.41512451171874 34
1780714504071 135.970947265625 35
1780714507474 126.12081298828124 36
1780714510919 208.105322265625 37
1780714514361 269.2715087890625 38
1780714517759 97.23056640625 39
1780714521252 132.13348388671875 40
1780714524710 161.708251953125 41
1780714528115 118.40460205078125 42
1780714531561 130.59254150390626 43
1780714535008 149.841650390625 44
1780714538414 116.89176025390626 45
1780714541861 144.59964599609376 46
1780714545307 122.29432373046875 47
1780714548712 146.2178955078125 48
1780714552158 265.1931884765625 49
1780714555603 208.270556640625 50
1780714559000 92.47879028320312 51
1780714562454 141.2642578125 52
1780714565904 138.2091552734375 53
1780714569301 114.3245361328125 54
1780714572747 97.4904052734375 55
1780714576185 153.987255859375 56
1780714579583 67.3689697265625 57
1780714583032 76.95984497070313 58
1780714586485 124.43472900390626 59
1780714589889 81.60968627929688 60
1780714593339 130.578369140625 61
1780714596780 147.91453857421874 62
1780714600182 189.3866943359375 63
1780714603628 133.55869140625 64
1780714607071 90.08616943359375 65
1780714610470 109.89610595703125 66
1780714613925 113.1451171875 67
1780714617369 106.46240234375 68
1780714620767 75.8358642578125 69
1780714624214 84.94786376953125 70
1780714627658 22.327395629882812 71
1780714631059 21.362814331054686 72
1780714634502 17.292999267578125 73
1780714637942 26.9914306640625 74
1780714641339 36.442202758789065 75
1780714644782 48.76683044433594 76
1780714648230 46.147763061523435 77
1780714651633 31.889358520507812 78
1780714655080 31.662820434570314 79
1780714658551 48.25308837890625 80
1780714661947 41.95029907226562 81
1780714665400 34.117132568359374 82
1780714668841 27.110009765625 83
1780714672240 16.883320617675782 84
1780714675687 28.888546752929688 85
1780714679131 34.05115966796875 86
1780714682534 41.686767578125 87
1780714685980 41.71778869628906 88
1780714689419 31.907565307617187 89
1780714692812 29.597659301757812 90
1780714696263 49.593630981445315 91
1780714699700 32.565521240234375 92
1780714703101 27.659185791015624 93
1780714706549 27.66918029785156 94
1780714709990 20.630206298828124 95
1780714713393 16.846343994140625 96
1780714716840 14.592369079589844 97
1780714720286 14.580088806152343 98
1780714723685 15.407550048828124 99
1780714727129 16.677386474609374 100
1780714730569 27.815390014648436 101
1780714733970 27.683514404296876 102
1780714737416 14.79461212158203 103
1780714740856 12.179955291748048 104
1780714744251 11.869413757324219 105
1780714747703 26.29328308105469 106
1780714751143 10.748750305175781 107
1780714754548 8.81699447631836 108
1780714757996 10.943045806884765 109
1780714761440 12.284207153320313 110
1780714764840 11.34461669921875 111
1780714768289 11.562223052978515 112
1780714771729 11.813328552246094 113
1780714775132 12.969366455078125 114
1780714778588 10.269186401367188 115
1780714782034 7.445314025878906 116
1780714785430 8.553062438964844 117
1780714788874 11.977105712890625 118
1780714792318 15.751109313964843 119
1780714795752 7.3100128173828125 120
1780714799188 7.043368530273438 121
1780714802625 8.265365600585938 122
1780714806023 9.469008636474609 123
1780714809465 9.993895721435546 124
1780714812909 9.012428283691406 125
1780714816314 5.883230209350586 126
1780714819762 9.512905883789063 127
1780714823202 8.308401489257813 128
1780714826600 5.744747924804687 129
1780714830051 6.799445343017578 130
1780714833491 6.259419631958008 131
1780714836896 6.952700805664063 132
1780714840341 5.509860229492188 133
1780714843780 7.182456970214844 134
1780714847174 6.06401252746582 135
1780714850626 6.601756286621094 136
1780714854066 6.618959045410156 137
1780714857466 6.6487548828125 138
1780714860908 6.244174575805664 139
1780714864350 4.99407958984375 140
1780714867752 4.473533248901367 141
1780714871195 6.566427612304688 142
1780714874639 4.232558822631836 143
1780714878038 5.348431396484375 144
1780714881493 5.692272186279297 145
1780714884931 5.632650375366211 146
1780714888331 6.6667732238769535 147
1780714891776 3.671036148071289 148
1780714895219 2.9745965957641602 149
1780714898618 3.612843322753906 150
1780714902065 4.775585174560547 151
1780714905497 4.060818862915039 152
1780714908895 6.213948059082031 153
1780714912339 3.8101627349853517 154
1780714915790 2.660944366455078 155
1780714919206 6.125396347045898 156
1780714922656 4.1226959228515625 157
1780714926090 2.717972755432129 158
1780714929477 2.9428197860717775 159
1780714932941 3.255909729003906 160
1780714936368 3.9218536376953126 161
1780714939778 2.3563533782958985 162
1780714943236 4.587085342407226 163
1780714946672 1.8369951248168945 164
1780714950067 4.031330108642578 165
1780714953513 10.153677368164063 166
1780714956956 3.897958755493164 167
1780714960351 2.473811149597168 168
1780714963797 1.8332033157348633 169
1780714967335 1.1494714736938476 170
1780714970734 2.1678558349609376 171
1780714974182 2.21951904296875 172
1780714977610 1.8163652420043945 173
1780714981005 1.8491037368774415 174
1780714984450 1.6791173934936523 175
1780714987892 2.171365737915039 176
1780714991294 2.01709041595459 177
1780714994739 1.7580238342285157 178
1780714998178 2.5440898895263673 179
1780715001576 1.5010013580322266 180
1780715005019 1.872823715209961 181
1780715008454 1.4926931381225585 182
1780715011853 2.1787208557128905 183
1780715015293 1.9412164688110352 184
1780715018728 1.8200252532958985 185
1780715022125 1.4922600746154786 186
1780715025574 1.8424186706542969 187
1780715029016 1.450876522064209 188
1780715032412 1.7166725158691407 189
1780715036071 1.2294534683227538 190
1780715039508 1.6141881942749023 191
1780715042904 1.6246976852416992 192
1780715046353 1.2138448715209962 193
1780715049991 1.1285820007324219 194
1780715053389 1.5970348358154296 195
1780715056829 1.073514175415039 196
1780715060414 1.034675693511963 197
1780715063813 2.101577377319336 198
1780715067247 1.0785630226135254 199
1780715070907 1.065098476409912 200
