1780895206655 0.6602242813933523 1
1780895214257 0.6602242813933523 2
1780895222174 0.6602242813933523 3
1780895229937 0.6602242813933523 4
1780895237726 0.6602242813933523 5
1780895245333 0.6602242813933523 6
1780895253005 0.6602242813933523 7
1780895260670 0.6602242813933523 8
1780895268311 0.6602242813933523 9
1780895275982 0.6602242813933523 10
1780895283630 0.6602242813933523 11
1780895291309 0.6602242813933523 12
1780895298960 0.6602242813933523 13
1780895306627 0.6602242813933523 14
1780895314279 0.6602242813933523 15
1780895322171 0.6602242813933523 16
1780895329960 0.6602242813933523 17
1780895337560 0.6602242813933523 18
1780895345234 0.6602242813933523 19
1780895352873 0.6602242813933523 20
1780895360548 0.6602242813933523 21
1780895368218 0.6602242813933523 22
1780895375878 0.6602242813933523 23
1780895383558 0.6602242813933523 24
1780895391204 0.6602242813933523 25
1780895398869 0.6602242813933523 26
1780895406520 0.6602242813933523 27
1780895414452 0.6602242813933523 28
1780895422041 0.6602242813933523 29
1780895429719 0.6602242813933523 30
1780895437356 0.6602242813933523 31
1780895445000 0.6602242813933523 32
1780895452656 0.6602242813933523 33
1780895460299 0.6602242813933523 34
1780895467949 0.6602242813933523 35
1780895475848 0.6602242813933523 36
1780895483442 0.6602242813933523 37
1780895491106 0.6602242813933523 38
1780895498741 0.6602242813933523 39
1780895506397 0.6602242813933523 40
1780895514047 0.6602242813933523 41
1780895519934 0.6602242813933523 42
