1780895206653 0.02116686850786209 1
1780895214255 0.02032651628057162 2
1780895222171 0.01670691619316737 3
1780895229935 0.01786343629161517 4
1780895237725 0.012733623385429382 5
1780895245331 0.015225095053513845 6
1780895253002 0.01339623952905337 7
1780895260667 0.01779952769478162 8
1780895268309 0.015447651346524557 9
1780895275979 0.013590123504400253 10
1780895283627 0.020902785162130993 11
1780895291307 0.013277478516101837 12
1780895298958 0.048908740282058716 13
1780895306624 0.014364765336116156 14
1780895314276 0.01117368166645368 15
1780895322169 0.009688405940930048 16
1780895329958 0.01119182383020719 17
1780895337559 0.01098355030020078 18
1780895345231 0.019050067911545437 19
1780895352870 0.017253571500380833 20
1780895360546 0.015039660036563873 21
1780895368216 0.009940223768353462 22
1780895375875 0.0103301169971625 23
1780895383555 0.009361457079648972 24
1780895391202 0.012766095499197641 25
1780895398867 0.010501250624656677 26
1780895406518 0.011455689867337545 27
1780895414449 0.009014831855893135 28
1780895422039 0.008971123024821281 29
1780895429716 0.014812616010506948 30
1780895437352 0.011116579174995422 31
1780895444997 0.008447712908188501 32
1780895452653 0.009279392659664154 33
1780895460297 0.02129729837179184 34
1780895467946 0.012804547945658365 35
1780895475845 0.008130880072712898 36
1780895483440 0.009424743553002676 37
1780895491104 0.010252134874463081 38
1780895498739 0.016509074717760086 39
1780895506394 0.008187623073657354 40
1780895514044 0.0074953654160102206 41
1780895519932 0.00788396658996741 42
