1780895206653 99.52799479166666 1
1780895214256 99.12109375 2
1780895222172 99.69889322916666 3
1780895229935 99.5361328125 4
1780895237725 99.69889322916666 5
1780895245332 99.56868489583334 6
1780895253003 99.74772135416666 7
1780895260668 99.2919921875 8
1780895268310 99.2431640625 9
1780895275980 99.73958333333334 10
1780895283628 99.169921875 11
1780895291308 99.609375 12
1780895298959 97.802734375 13
1780895306625 99.57682291666666 14
1780895314277 99.71516927083334 15
1780895322170 99.78841145833334 16
1780895329959 99.74772135416666 17
1780895337559 99.853515625 18
1780895345232 99.03157552083334 19
1780895352871 99.2431640625 20
1780895360547 99.22688802083334 21
1780895368217 99.8291015625 22
1780895375876 99.74772135416666 23
1780895383556 99.66634114583334 24
1780895391203 99.51171875 25
1780895398868 99.67447916666666 26
1780895406518 99.52799479166666 27
1780895414450 99.91048177083334 28
1780895422040 99.79654947916666 29
1780895429717 99.25130208333334 30
1780895437352 99.560546875 31
1780895444998 99.81282552083334 32
1780895452654 99.5361328125 33
1780895460298 98.94205729166666 34
1780895467947 99.69075520833334 35
1780895475846 99.81282552083334 36
1780895483440 99.60123697916666 37
1780895491105 99.7802734375 38
1780895498740 99.1943359375 39
1780895506395 99.81282552083334 40
1780895514045 99.73958333333334 41
1780895519933 99.83723958333334 42
