1780893845808 9.841579852961056 1
1780893853956 9.682379131307965 2
1780893862123 9.525753694330053 3
1780893870268 9.371661883352097 4
1780893878418 9.220062713583685 5
1780893886567 9.070915863218229 6
1780893894724 8.924181662708305 7
1780893902874 8.7798210842145 8
1780893911027 8.637795731224916 9
1780893919182 8.49806782834261 10
1780893927332 8.360600211238228 11
1780893935486 8.225356316765163 12
1780893943636 8.092300173234626 13
1780893951787 7.961396390848025 14
1780893959933 7.832610152284104 15
1780893968095 7.705907203438368 16
1780893976249 7.581253844312289 17
1780893984393 7.458616920049906 18
1780893992550 7.33796381211941 19
1780894000712 7.219262429637389 20
1780894008866 7.102481200833407 21
1780894017016 6.987589064652651 22
1780894025168 6.87455546249443 23
1780894033320 6.76335033008431 24
1780894041477 6.653944089477713 25
1780894049633 6.546307641192893 26
1780894057780 6.440412356471153 27
1780894065934 6.336230069662273 28
1780894074098 6.233733070733107 29
1780894082247 6.132894097897373 30
1780894090410 6.033686330364655 31
1780894098563 5.936083381206708 32
1780894106772 5.840059290339154 33
1780894114902 5.745588517616714 34
1780894123057 5.6526459360401295 35
1780894131205 5.5612068250729765 36
1780894139352 5.471246864066581 37
1780894147515 5.382742125791299 38
1780894155661 5.2956690700724405 39
1780894163822 5.210004537529139 40
1780894171969 5.125725743414496 41
1780894180121 5.042810271555384 42
1780894188282 4.961236068390259 43
1780894196436 4.880981437103451 44
1780894204588 4.802025031854306 45
1780894212732 4.724345852099707 46
1780894220901 4.647923237008414 47
1780894229047 4.572736859965781 48
1780894237201 4.498766723167348 49
1780894245344 4.425993152299895 50
1780894253511 4.354396791308547 51
1780894261668 4.2839585972485095 52
1780894269817 4.214659835220101 53
1780894277964 4.146482073385709 54
1780894286134 4.079407178067353 55
1780894294279 4.0134173089235565 56
1780894302435 3.9484949142042374 57
1780894310587 3.8846227260823536 58
1780894318730 3.821783756061068 59
1780894326887 3.7599612904552107 60
1780894335033 3.6991388859458314 61
1780894343190 3.6393003652066636 62
1780894351354 3.580429812601338 63
1780894359496 3.5225115699501974 64
1780894367658 3.465530232365591 65
1780894375841 3.409470644154537 66
1780894383979 3.354317894787664 67
1780894392128 3.3000573149333627 68
1780894400280 3.2466744725560917 69
1780894408432 3.19415516907779 70
1780894416584 3.142485435601397 71
1780894424737 3.091651529195451 72
1780894432885 3.0416399292387926 73
1780894441032 2.992437333824401 74
1780894449193 2.9440306562213974 75
1780894457342 2.896407021394287 76
1780894465492 2.8495537625784975 77
1780894473642 2.8034584179113207 78
1780894481804 2.7581087271173543 79
1780894489952 2.7134926282475513 80
1780894498100 2.6695982544710306 81
1780894506253 2.6264139309187757 82
1780894514404 2.5839281715783997 83
1780894522566 2.5421296762391314 84
1780894530722 2.5010073274862283 85
1780894538863 2.460550187744007 86
1780894547011 2.4207474963667037 87
1780894555172 2.381588666776398 88
1780894563324 2.34306328364723 89
1780894571473 2.305161100135172 90
1780894579624 2.2678720351526085 91
1780894587779 2.2311861706870033 92
1780894595929 2.1950937491629436 93
1780894604076 2.159585170846853 94
1780894612224 2.1246509912936897 95
1780894620381 2.090281918834948 96
1780894628533 2.056468812107291 97
1780894636684 2.0232026776211645 98
1780894644868 1.990474667368741 99
1780894652994 1.9582760764705573 100
1780894661156 1.9265983408602227 101
1780894669304 1.8954330350065791 102
1780894677454 1.8647718696727058 103
1780894685607 1.834606689711182 104
1780894693762 1.8049294718950066 105
1780894701917 1.7757323227836102 106
1780894710065 1.7470074766233858 107
1780894718217 1.718747293282181 108
1780894726369 1.6909442562172028 109
1780894734547 1.6635909704757947 110
1780894742685 1.636680160728554 111
1780894750834 1.6102046693342644 112
1780894758991 1.5841574544361336 113
1780894767151 1.558531588088824 114
1780894775293 1.5333202544157831 115
1780894783449 1.508516747796381 116
1780894791597 1.4841144710823737 117
1780894799756 1.4601069338432158 118
1780894807907 1.4364877506397602 119
1780894816060 1.4132506393258824 120
1780894824214 1.3903894193775752 121
1780894832362 1.3678980102490768 122
1780894840520 1.3457704297555897 123
1780894848674 1.3240007924821575 124
1780894856824 1.3025833082182867 125
1780894864969 1.2815122804178845 126
1780894873131 1.260782104684113 127
1780894881290 1.2403872672787526 128
1780894889434 1.220322343655675 129
1780894897624 1.200581997018044 130
1780894905765 1.1811609768988531 131
1780894913957 1.1620541177644235 132
1780894922083 1.1432563376404956 133
1780894930229 1.1247626367605421 134
1780894938387 1.1065680962359499 135
1780894946537 1.0886678767477092 136
1780894954685 1.0710572172592707 137
1780894962835 1.053731433750221 138
1780894970994 1.0366859179704444 139
1780894979156 1.0199161362144356 140
1780894987302 1.0034176281154419 141
1780894995580 0.9871860054591111 142
1780895003679 0.9712169510163289 143
1780895011840 0.9555062173949389 144
1780895019971 0.9400496259100339 145
1780895028114 0.9248430654725277 146
1780895036456 0.9098824914956999 147
1780895044568 0.8951639248194314 148
1780895052695 0.8806834506518424 149
1780895060836 0.8664372175280494 150
1780895068965 0.8524214362857664 151
1780895077124 0.8386323790574772 152
1780895085253 0.8250663782789103 153
1780895093394 0.8117198257135532 154
1780895101533 0.7985891714929466 155
1780895109668 0.7856709231725035 156
1780895117820 0.7729616448026004 157
1780895125951 0.7604579560146961 158
1780895134147 0.7481565311222333 159
1780895142335 0.7360540982360848 160
1780895150495 0.7241474383943072 161
1780895158641 0.7124333847059733 162
1780895166776 0.7009088215088541 163
1780895174974 0.6895706835407256 164
1780895183172 0.6784159551240815 165
1780895191281 0.6674416693640335 166
1780895197484 0.6602242813933523 167
