1780893845807 71.38671875 1
1780893853955 18.741861979166664 2
1780893862122 71.42740885416666 3
1780893870267 71.40299479166666 4
1780893878416 71.35416666666666 5
1780893886566 71.29720052083334 6
1780893894722 71.64713541666666 7
1780893902873 71.3623046875 8
1780893911025 71.96451822916666 9
1780893919180 76.220703125 10
1780893927331 71.37044270833334 11
1780893935485 71.63899739583334 12
1780893943634 73.0224609375 13
1780893951786 71.40299479166666 14
1780893959931 71.34602864583334 15
1780893968094 71.44368489583334 16
1780893976247 71.38671875 17
1780893984392 72.119140625 18
1780893992549 71.3623046875 19
1780894000711 71.435546875 20
1780894008865 71.337890625 21
1780894017015 72.119140625 22
1780894025167 71.68782552083334 23
1780894033319 72.17610677083334 24
1780894041475 72.23307291666666 25
1780894049632 72.021484375 26
1780894057779 72.2900390625 27
1780894065933 72.2412109375 28
1780894074096 71.37858072916666 29
1780894082246 73.25846354166666 30
1780894090409 71.94010416666666 31
1780894098561 72.24934895833334 32
1780894106771 71.8505859375 33
1780894114901 71.923828125 34
1780894123056 71.37044270833334 35
1780894131204 72.39583333333334 36
1780894139351 72.03776041666666 37
1780894147514 71.74479166666666 38
1780894155660 71.79361979166666 39
1780894163821 71.4111328125 40
1780894171968 71.37858072916666 41
1780894180120 71.38671875 42
1780894188281 72.15983072916666 43
1780894196435 72.314453125 44
1780894204587 72.55859375 45
1780894212731 72.5830078125 46
1780894220899 72.68880208333334 47
1780894229046 72.54231770833334 48
1780894237200 72.33072916666666 49
1780894245343 72.32259114583334 50
1780894253510 73.095703125 51
1780894261666 72.78645833333334 52
1780894269816 71.95638020833334 53
1780894277963 72.607421875 54
1780894286132 71.79361979166666 55
1780894294278 71.78548177083334 56
1780894302434 71.41927083333334 57
1780894310585 71.80989583333334 58
1780894318729 71.44368489583334 59
1780894326886 71.35416666666666 60
1780894335032 71.4111328125 61
1780894343188 72.314453125 62
1780894351353 72.81087239583334 63
1780894359495 73.5107421875 64
1780894367657 71.79361979166666 65
1780894375839 72.07845052083334 66
1780894383977 71.39485677083334 67
1780894392127 72.0947265625 68
1780894400278 71.40299479166666 69
1780894408431 71.35416666666666 70
1780894416583 72.0458984375 71
1780894424735 72.73763020833334 72
1780894432884 73.6083984375 73
1780894441031 71.54947916666666 74
1780894449192 71.37858072916666 75
1780894457341 71.57389322916666 76
1780894465491 72.49348958333334 77
1780894473640 73.9013671875 78
1780894481803 74.61751302083334 79
1780894489951 74.3896484375 80
1780894498099 74.4384765625 81
1780894506252 74.12923177083334 82
1780894514403 76.86360677083334 83
1780894522565 71.56575520833334 84
1780894530720 74.79654947916666 85
1780894538861 81.13606770833334 86
1780894547010 82.21028645833334 87
1780894555171 79.43522135416666 88
1780894563322 83.85416666666666 89
1780894571471 80.13509114583334 90
1780894579623 77.06705729166666 91
1780894587778 80.2490234375 92
1780894595928 85.546875 93
1780894604075 85.1318359375 94
1780894612223 85.99446614583334 95
1780894620380 84.6923828125 96
1780894628532 85.68522135416666 97
1780894636683 84.83072916666666 98
1780894644867 85.64453125 99
1780894652993 87.23958333333334 100
1780894661154 86.51529947916666 101
1780894669303 85.94563802083334 102
1780894677452 87.646484375 103
1780894685605 88.54166666666666 104
1780894693760 88.68815104166666 105
1780894701916 91.58528645833334 106
1780894710064 88.05338541666666 107
1780894718215 92.08984375 108
1780894726368 92.02473958333334 109
1780894734545 90.0634765625 110
1780894742684 89.78678385416666 111
1780894750832 89.77864583333334 112
1780894758989 87.109375 113
1780894767149 88.12662760416666 114
1780894775292 90.673828125 115
1780894783448 90.02278645833334 116
1780894791596 82.82063802083334 117
1780894799754 87.4755859375 118
1780894807906 80.16764322916666 119
1780894816059 88.18359375 120
1780894824213 85.57942708333334 121
1780894832361 79.6630859375 122
1780894840519 77.84016927083334 123
1780894848673 83.30891927083334 124
1780894856822 78.26334635416666 125
1780894864968 77.79134114583334 126
1780894873129 76.47298177083334 127
1780894881288 80.9326171875 128
1780894889432 79.7119140625 129
1780894897622 76.96126302083334 130
1780894905764 74.93489583333334 131
1780894913956 75.74055989583334 132
1780894922082 71.98893229166666 133
1780894930228 73.47819010416666 134
1780894938386 73.96647135416666 135
1780894946536 72.95735677083334 136
1780894954683 72.8515625 137
1780894962834 70.45084635416666 138
1780894970992 70.74381510416666 139
1780894979155 72.66438802083334 140
1780894987301 66.93522135416666 141
1780894995578 71.02864583333334 142
1780895003678 68.75 143
1780895011839 66.78873697916666 144
1780895019970 68.93717447916666 145
1780895028112 67.95247395833334 146
1780895036455 71.337890625 147
1780895044566 70.1416015625 148
1780895052693 65.92610677083334 149
1780895060834 69.05924479166666 150
1780895068963 68.71744791666666 151
1780895077122 69.19759114583334 152
1780895085252 66.162109375 153
1780895093392 68.53841145833334 154
1780895101532 68.76627604166666 155
1780895109667 70.54036458333334 156
1780895117818 65.95865885416666 157
1780895125949 65.72265625 158
1780895134146 68.017578125 159
1780895142332 66.83756510416666 160
1780895150493 64.92513020833334 161
1780895158639 63.899739583333336 162
1780895166775 66.64225260416666 163
1780895174972 64.59147135416666 164
1780895183170 62.1826171875 165
1780895191279 61.702473958333336 166
1780895197483 61.2548828125 167
