1780893845806 11.731371561686197 1
1780893853954 29.655616760253906 2
1780893862121 107.68909708658855 3
1780893870266 98.94032796223958 4
1780893878416 284.67352294921875 5
1780893886565 339.626220703125 6
1780893894721 39.04913838704427 7
1780893902872 85.73944091796875 8
1780893911025 38.042274475097656 9
1780893919180 12.128342946370443 10
1780893927330 61.17066955566406 11
1780893935484 62.4149169921875 12
1780893943633 69.81995137532552 13
1780893951785 186.169189453125 14
1780893959930 150.34440104166666 15
1780893968093 214.5971883138021 16
1780893976247 212.51806640625 17
1780893984391 185.14192708333334 18
1780893992548 231.6910603841146 19
1780894000710 249.11067708333334 20
1780894008864 284.82139078776044 21
1780894017014 237.34503173828125 22
1780894025166 271.02927652994794 23
1780894033318 314.34446207682294 24
1780894041474 264.57326253255206 25
1780894049631 266.66530354817706 26
1780894057778 289.18597412109375 27
1780894065932 248.33642578125 28
1780894074096 228.34016927083334 29
1780894082245 127.7086893717448 30
1780894090408 160.9151814778646 31
1780894098561 242.36505126953125 32
1780894106770 243.43316650390625 33
1780894114900 140.89241536458334 34
1780894123055 227.81304931640625 35
1780894131203 181.0982666015625 36
1780894139350 168.9637654622396 37
1780894147513 189.89190673828125 38
1780894155659 181.2137247721354 39
1780894163820 218.76310221354166 40
1780894171967 231.43599446614584 41
1780894180119 202.23185221354166 42
1780894188280 132.0606486002604 43
1780894196434 183.48063151041666 44
1780894204586 163.6476847330729 45
1780894212730 154.71279907226562 46
1780894220899 149.81085205078125 47
1780894229045 183.0271199544271 48
1780894237199 141.77763875325522 49
1780894245342 201.79608154296875 50
1780894253509 177.1313680013021 51
1780894261665 157.4845987955729 52
1780894269815 206.63995361328125 53
1780894277962 157.8924763997396 54
1780894286131 175.19771321614584 55
1780894294277 138.95369466145834 56
1780894302433 124.4697774251302 57
1780894310585 154.4902547200521 58
1780894318728 135.87324015299478 59
1780894326885 129.6895751953125 60
1780894335031 121.56365966796875 61
1780894343188 126.56568400065105 62
1780894351352 97.04412841796875 63
1780894359494 75.85868326822917 64
1780894367656 60.56464640299479 65
1780894375838 60.45653279622396 66
1780894383976 80.05696614583333 67
1780894392126 51.792032877604164 68
1780894400278 77.88412475585938 69
1780894408430 72.69427998860677 70
1780894416582 64.16490681966145 71
1780894424735 45.70513916015625 72
1780894432883 60.93179829915365 73
1780894441030 75.06508382161458 74
1780894449191 53.05987548828125 75
1780894457340 62.209391276041664 76
1780894465490 35.38276163736979 77
1780894473640 35.615936279296875 78
1780894481802 37.51768493652344 79
1780894489950 31.71782938639323 80
1780894498098 29.8959223429362 81
1780894506251 23.22229512532552 82
1780894514402 17.871136983235676 83
1780894522564 30.732274373372395 84
1780894530720 17.342178344726562 85
1780894538861 13.905718485514322 86
1780894547009 8.593210856119791 87
1780894555170 14.453048706054688 88
1780894563322 8.252692540486654 89
1780894571470 15.895065307617188 90
1780894579622 22.4934565226237 91
1780894587777 15.455160776774088 92
1780894595927 6.377266565958659 93
1780894604074 7.2697709401448565 94
1780894612222 5.494651794433594 95
1780894620379 6.352980931599935 96
1780894628531 5.229885737101237 97
1780894636682 7.007610321044922 98
1780894644866 6.824962615966797 99
1780894652992 5.512840270996094 100
1780894661154 5.521566390991211 101
1780894669302 5.892381032307942 102
1780894677451 4.574411074320476 103
1780894685604 3.7522719701131186 104
1780894693759 3.4896958669026694 105
1780894701915 1.5777284304300945 106
1780894710063 3.3040056228637695 107
1780894718214 1.0707352956136067 108
1780894726367 1.4088934262593586 109
1780894734545 1.410508632659912 110
1780894742683 1.114901065826416 111
1780894750832 1.1106685002644856 112
1780894758988 1.435563564300537 113
1780894767148 1.2494932015736897 114
1780894775291 0.7340521017710367 115
1780894783447 0.8726994196573893 116
1780894791595 2.250753084818522 117
1780894799753 1.2455653349558513 118
1780894807905 2.1401198705037436 119
1780894816058 0.9416832129160563 120
1780894824212 1.4811876614888508 121
1780894832360 2.639603773752848 122
1780894840518 6.204612731933594 123
1780894848672 1.9187490145365398 124
1780894856821 3.1147079467773438 125
1780894864967 3.008009910583496 126
1780894873128 4.006738662719727 127
1780894881287 2.1137046813964844 128
1780894889432 2.886946678161621 129
1780894897621 3.6203953425089517 130
1780894905763 4.1444657643636065 131
1780894913955 3.800006866455078 132
1780894922081 6.093404769897461 133
1780894930227 3.700314521789551 134
1780894938385 3.0662523905436196 135
1780894946535 4.273947715759277 136
1780894954683 4.199175516764323 137
1780894962833 4.399914423624675 138
1780894970992 5.231139183044434 139
1780894979154 4.751017888387044 140
1780894987300 6.214415868123372 141
1780894995578 3.7568019231160483 142
1780895003677 4.902624448140462 143
1780895011838 4.988364855448405 144
1780895019969 4.294895172119141 145
1780895028111 4.011606852213542 146
1780895036454 3.4368063608805337 147
1780895044566 3.5192441940307617 148
1780895052692 4.496644020080566 149
1780895060833 4.16835339864095 150
1780895068962 3.389354387919108 151
1780895077121 2.752690633138021 152
1780895085251 4.477155049641927 153
1780895093391 3.515507380167643 154
1780895101531 3.1792017618815103 155
1780895109666 3.6747334798177085 156
1780895117818 5.292490005493164 157
1780895125948 5.406974156697591 158
1780895134145 5.067965507507324 159
1780895142331 4.412626584370931 160
1780895150493 5.881594340006511 161
1780895158638 5.44141960144043 162
1780895166774 3.8828325271606445 163
1780895174972 4.284414291381836 164
1780895183169 4.859239896138509 165
1780895191279 5.500951766967773 166
1780895197483 5.19516118367513 167
