1780705975244 8.418559439347305 1
1780705978685 7.023291783709919 2
1780705982111 5.859271747679383 3
1780705985541 4.888173020631514 4
1780705988963 4.078021383646073 5
1780705992409 3.4021419322277042 6
1780705995838 2.8382807832835533 7
1780705999293 2.3678723478422845 8
1780706002723 1.9754280438701732 9
1780706006146 1.648026322054359 10
1780706009565 1.3748872132355505 11
1780706013030 1.1470173891168394 12
1780706016560 0.9569140495824869 13
1780706020141 0.7983178868747552 14
1780706023561 0.666006992772487 15
