1780705975243 0.25086145401000975 1
1780705978683 4.535170364379883 2
1780705982109 3.887653350830078 3
1780705985539 4.248688125610352 4
1780705988961 3.571135711669922 5
1780705992407 3.842558670043945 6
1780705995836 3.681864547729492 7
1780705999291 4.0391899108886715 8
1780706002722 3.4503738403320314 9
1780706006144 3.436515045166016 10
1780706009563 2.349868583679199 11
1780706013028 1.9419183731079102 12
1780706016559 1.4315301895141601 13
1780706020139 0.371660852432251 14
1780706023560 0.5141135692596436 15
