1780895534470 9.141790345657704 1
1780895552858 67.42098928052326 2
1780895571936 7.3290490438771805 3
1780895590446 51.04049895530523 4
1780895609470 99.76087845203489 5
1780895628024 11.275746190270713 6
1780895646511 2.9813395655432413 7
1780895665087 43.02253190861192 8
1780895683680 15.274299089298692 9
1780895702591 22.00094107694404 10
1780895721126 15.878850892532704 11
1780895739625 51.791770757630815 12
1780895758125 25.654132222020348 13
1780895775744 33.15602289244186 14
1780895793044 28.954567132994185 15
1780895810084 40.32636491642442 16
1780895827717 37.66513558321221 17
1780895844971 30.86559206940407 18
1780895861986 22.853867641715116 19
1780895878991 18.383160258448402 20
1780895896001 30.91472678960756 21
1780895913004 18.279867482739824 22
1780895930108 18.30173226289971 23
1780895947116 21.295254019803778 24
1780895964126 25.35745026344477 25
1780895981129 22.304761309956394 26
1780895998130 14.426218432049419 27
1780896015139 25.762218386627907 28
1780896032147 15.340493845385174 29
1780896049155 17.492156272710755 30
1780896066168 16.006953749545787 31
1780896083173 19.26276344476744 32
1780896100177 18.460429346838662 33
1780896117186 17.12136202080305 34
1780896134196 16.110727709393167 35
1780896151256 21.28775521211846 36
1780896168810 10.885780511900435 37
1780896185964 11.873648000317951 38
1780896203138 13.96953494049782 39
1780896220272 16.128261832303778 40
1780896237412 14.930915300236192 41
1780896254518 20.826008641442588 42
1780896271651 14.58092410065407 43
1780896288867 14.589612384175146 44
1780896305994 19.2349853515625 45
1780896323130 12.92243283293968 46
1780896340223 15.449144940043604 47
1780896357297 13.960882142532704 48
1780896374380 12.027163483375727 49
1780896391452 12.624787086664243 50
1780896408541 8.044129837390988 51
1780896425659 11.057229685228924 52
1780896442768 14.975405670875727 53
1780896459884 16.2557373046875 54
1780896476985 16.07494407476381 55
1780896494092 10.020869765170785 56
1780896511200 8.156535303869912 57
1780896528317 9.39897900958394 58
1780896545446 14.038984431776889 59
1780896562575 13.217980673146803 60
1780896579716 9.979189140852107 61
1780896596819 9.704061818677326 62
1780896613934 10.99282482058503 63
1780896631046 9.226236032885174 64
1780896648133 10.048822447311046 65
1780896665226 10.897856246593387 66
1780896682268 9.800262451171875 67
1780896699322 7.778736912926962 68
1780896716418 8.459973712300146 69
1780896733515 6.410795699718387 70
1780896750634 9.44260069381359 71
1780896767739 6.497850285019985 72
1780896784873 6.87371826171875 73
1780896802022 5.402612730514171 74
1780896819131 6.280225177143896 75
1780896836262 9.136170853015988 76
1780896853384 6.703083836755087 77
1780896870503 6.796566985374273 78
1780896887609 5.225325828374818 79
1780896904705 5.921945971111919 80
1780896921797 5.717841924623001 81
1780896938889 5.1118994424509445 82
1780896955986 5.231438215388808 83
1780896973065 4.599684249523074 84
1780896990138 5.868110479310501 85
1780897007207 6.008125482603561 86
1780897024366 3.9035335806913154 87
1780897041421 3.4948279802189317 88
1780897058705 5.107872541560683 89
1780897075872 3.9608349467432777 90
1780897093083 5.277466530023619 91
1780897110204 2.720534036325854 92
1780897127338 2.3112427467523617 93
1780897144527 3.683463872865189 94
1780897161683 3.361237636832304 95
1780897178827 3.3623121394667517 96
1780897196004 2.368289503940316 97
1780897213177 5.3934510696765985 98
1780897230292 3.530980664630269 99
1780897247415 3.9962119169013444 100
1780897264583 5.03950677916061 101
1780897281724 2.0793531550917517 102
1780897298864 1.9414372998614644 103
1780897315983 1.8647604654001635 104
1780897333166 3.3692215320675873 105
1780897350290 1.0037706064623455 106
1780897367405 0.9431479698003724 107
1780897384564 0.8073506909747457 108
1780897401690 2.5193007713140445 109
1780897418817 1.2879276719204216 110
1780897435961 1.3684866262036701 111
1780897453129 1.7796620213708212 112
1780897470252 1.7097884776980379 113
1780897487371 1.1540465244027072 114
1780897504542 1.0876969625783521 115
1780897521664 1.1959793623103652 116
1780897538794 1.647288300270258 117
1780897555927 1.6402880646461664 118
1780897573105 1.2493122899255087 119
1780897590214 1.2927971773369367 120
1780897607311 1.9142509283021438 121
1780897624455 1.3992542000704034 122
1780897641535 1.1631063416946765 123
1780897658648 1.7579881535019986 124
1780897675749 2.9663848876953125 125
1780897692893 1.9364262070766716 126
1780897709979 1.8807310947152072 127
1780897727067 1.7848026364348655 128
1780897744242 2.2806201313817223 129
1780897761455 1.6631872487622639 130
1780897778551 1.2457662183184957 131
1780897795646 2.0114497694858287 132
1780897812781 1.0372729634129725 133
1780897829878 1.1228649228118186 134
1780897846961 1.5558283606240915 135
1780897864095 1.2461208964503088 136
1780897881165 1.1378382305766261 137
1780897898268 1.0842088211414427 138
1780897915354 1.4949060484420422 139
1780897932494 0.9864823097406432 140
1780897949589 1.2342069758925327 141
1780897966673 1.6815531531045602 142
1780897983807 2.1097225810206215 143
1780898000866 1.185840695403343 144
1780898017975 1.8579000428665515 145
1780898035084 1.669819854026617 146
1780898052231 2.143600641294967 147
1780898069351 1.3923376216444858 148
1780898086456 1.7600067493527434 149
1780898103605 1.8185446096021076 150
1780898120709 1.9045571615529615 151
1780898138214 1.7609879249750182 152
1780898155300 1.771028385605923 153
1780898172436 2.3639638146688773 154
1780898189542 2.594100597292878 155
1780898206645 2.8231561350267986 156
1780898223803 2.090835748716842 157
1780898241206 2.1285673629405886 158
1780898258503 2.285029566565225 159
1780898275756 2.2426017938658247 160
1780898293058 1.5612187940020894 161
1780898310309 1.572063357331032 162
1780898327554 1.3497177833734557 163
1780898344694 1.6739150646121004 164
1780898361807 1.6447198557299236 165
1780898379057 2.114204584166061 166
1780898396146 1.5849431947220203 167
1780898413276 1.5974788222202034 168
1780898430361 1.4983839877816134 169
1780898447453 1.8260283359261447 170
1780898464887 1.4226477866949037 171
1780898482121 1.37035272287768 172
1780898499213 1.6313882872115735 173
1780898516299 1.8411469570426053 174
1780898533650 1.6814580518145894 175
1780898550737 2.245445961175963 176
1780898567810 1.8550448750340662 177
1780898584944 1.7080789610396985 178
1780898602216 1.505165277525436 179
1780898619308 1.4623005002043967 180
1780898636387 1.7728067442428235 181
1780898653516 1.8565744799236918 182
1780898670612 1.494901790175327 183
1780898687691 1.4894148360851198 184
1780898704829 1.6571513331213663 185
1780898721901 1.8707429752793423 186
1780898726355 1.7517980531204578 187
