1780895534472 85.60138081395348 1
1780895552861 7.794331395348837 2
1780895571937 85.57412790697676 3
1780895590447 6.622456395348837 4
1780895609472 6.5770348837209305 5
1780895628025 43.69549418604651 6
1780895646512 25.063590116279073 7
1780895665088 25.1453488372093 8
1780895683681 85.58321220930233 9
1780895702593 85.60138081395348 10
1780895721127 86.33720930232558 11
1780895739626 85.62863372093024 12
1780895758126 85.67405523255815 13
1780895775745 85.61046511627907 14
1780895793044 85.58321220930233 15
1780895810084 85.55595930232558 16
1780895827718 85.63771802325581 17
1780895844972 85.62863372093024 18
1780895861987 85.65588662790698 19
1780895878992 85.56504360465115 20
1780895896002 85.61046511627907 21
1780895913005 86.21911337209302 22
1780895930108 85.67405523255815 23
1780895947117 85.97383720930233 24
1780895964126 85.61046511627907 25
1780895981130 85.60138081395348 26
1780895998131 85.63771802325581 27
1780896015140 85.96475290697676 28
1780896032148 85.546875 29
1780896049156 85.61954941860465 30
1780896066169 85.61954941860465 31
1780896083174 85.58321220930233 32
1780896100178 85.67405523255815 33
1780896117186 85.58321220930233 34
1780896134197 85.66497093023256 35
1780896151257 85.62863372093024 36
1780896168811 85.59229651162791 37
1780896185966 85.67405523255815 38
1780896203140 85.63771802325581 39
1780896220273 85.60138081395348 40
1780896237413 85.62863372093024 41
1780896254518 85.62863372093024 42
1780896271652 85.57412790697676 43
1780896288868 85.71947674418605 44
1780896305995 85.64680232558139 45
1780896323130 85.60138081395348 46
1780896340224 85.60138081395348 47
1780896357298 85.62863372093024 48
1780896374381 85.65588662790698 49
1780896391452 85.57412790697676 50
1780896408541 85.61954941860465 51
1780896425660 85.6922238372093 52
1780896442769 85.6922238372093 53
1780896459885 85.62863372093024 54
1780896476986 85.59229651162791 55
1780896494093 85.64680232558139 56
1780896511201 85.53779069767442 57
1780896528318 85.52870639534885 58
1780896545447 85.52870639534885 59
1780896562576 85.59229651162791 60
1780896579718 85.546875 61
1780896596820 85.66497093023256 62
1780896613935 85.63771802325581 63
1780896631047 85.64680232558139 64
1780896648134 85.55595930232558 65
1780896665229 85.57412790697676 66
1780896682269 85.57412790697676 67
1780896699322 85.51053779069767 68
1780896716418 85.58321220930233 69
1780896733516 85.58321220930233 70
1780896750635 85.57412790697676 71
1780896767740 85.66497093023256 72
1780896784874 85.61954941860465 73
1780896802023 85.67405523255815 74
1780896819132 85.55595930232558 75
1780896836263 85.55595930232558 76
1780896853384 85.61954941860465 77
1780896870504 85.59229651162791 78
1780896887610 85.61954941860465 79
1780896904706 85.60138081395348 80
1780896921797 85.59229651162791 81
1780896938890 85.61046511627907 82
1780896955987 85.57412790697676 83
1780896973065 85.53779069767442 84
1780896990139 85.60138081395348 85
1780897007208 85.546875 86
1780897024367 85.56504360465115 87
1780897041422 85.62863372093024 88
1780897058706 85.60138081395348 89
1780897075873 85.61954941860465 90
1780897093084 85.62863372093024 91
1780897110205 85.67405523255815 92
1780897127339 85.61046511627907 93
1780897144528 85.6922238372093 94
1780897161684 85.67405523255815 95
1780897178828 85.68313953488372 96
1780897196005 85.66497093023256 97
1780897213178 85.63771802325581 98
1780897230293 85.71947674418605 99
1780897247416 85.64680232558139 100
1780897264584 85.66497093023256 101
1780897281724 85.80123546511628 102
1780897298865 85.96475290697676 103
1780897315984 86.26453488372093 104
1780897333167 85.7376453488372 105
1780897350291 73.9734738372093 106
1780897367406 86.06468023255815 107
1780897384565 86.58248546511628 108
1780897401691 85.85574127906976 109
1780897418818 84.42042151162791 110
1780897435962 84.9654796511628 111
1780897453131 83.75726744186046 112
1780897470253 83.61191860465115 113
1780897487372 65.41606104651163 114
1780897504543 85.75581395348837 115
1780897521665 79.39680232558139 116
1780897538795 78.52470930232558 117
1780897555928 63.28125 118
1780897573107 74.51853197674419 119
1780897590215 64.08066860465115 120
1780897607312 57.821584302325576 121
1780897624456 64.90734011627907 122
1780897641537 77.20748546511628 123
1780897658649 77.82521802325581 124
1780897675750 60.26526162790697 125
1780897692894 82.03125 126
1780897709980 76.03561046511628 127
1780897727068 75.5359738372093 128
1780897744244 56.05922965116279 129
1780897761456 58.8844476744186 130
1780897778552 67.52361918604652 131
1780897795647 57.86700581395349 132
1780897812782 78.19767441860465 133
1780897829879 68.14135174418605 134
1780897846962 61.50981104651163 135
1780897864096 69.71293604651163 136
1780897881166 70.57594476744185 137
1780897898268 77.26199127906976 138
1780897915355 66.89680232558139 139
1780897932494 74.49127906976744 140
1780897949590 78.86082848837209 141
1780897966673 64.61664244186046 142
1780897983808 57.57630813953488 143
1780898000867 73.93713662790698 144
1780898017976 66.41533430232558 145
1780898035085 64.82558139534885 146
1780898052232 58.91170058139535 147
1780898069352 68.53197674418605 148
1780898086456 62.86337209302325 149
1780898103606 60.43786337209303 150
1780898120709 63.06322674418605 151
1780898138215 61.95494186046512 152
1780898155301 65.05268895348837 153
1780898172438 60.71039244186046 154
1780898189544 63.85356104651163 155
1780898206646 63.944404069767444 156
1780898223804 65.8702761627907 157
1780898241206 65.78851744186046 158
1780898258504 66.31540697674419 159
1780898275757 66.9422238372093 160
1780898293059 71.63880813953489 161
1780898310310 73.22856104651163 162
1780898327555 74.00981104651163 163
1780898344694 73.2921511627907 164
1780898361809 67.02398255813954 165
1780898379059 65.64316860465115 166
1780898396147 73.51925872093024 167
1780898413277 72.40188953488372 168
1780898430361 73.95530523255815 169
1780898447454 69.34956395348837 170
1780898464888 75.28161337209302 171
1780898482122 76.16279069767442 172
1780898499214 70.9484011627907 173
1780898516300 70.83030523255815 174
1780898533651 76.03561046511628 175
1780898550738 69.81286337209302 176
1780898567811 70.79396802325581 177
1780898584945 75.05450581395348 178
1780898602217 77.34375 179
1780898619309 75.69949127906976 180
1780898636388 73.64643895348837 181
1780898653517 72.65625 182
1780898670613 73.71002906976744 183
1780898687692 74.20966569767442 184
1780898704830 74.19149709302324 185
1780898721902 74.99091569767442 186
1780898726356 76.63517441860465 187
