1780883966158 0.029460829237233036 1
1780883973757 0.022163437760394554 2
1780883981254 0.018836737974830296 3
1780883988865 0.013640624025593634 4
1780883996297 0.013307392597198486 5
1780884003820 0.012199626020763231 6
1780884011273 0.013424076463865198 7
1780884018729 0.014068004877670952 8
1780884026065 0.009769639243250307 9
1780884033556 0.011247686717821203 10
1780884041247 0.008828822037448053 11
1780884048587 0.010616803298825804 12
1780884056060 0.010635625409043354 13
1780884063534 0.007943155324977377 14
1780884070907 0.0074264135049737015 15
1780884078444 0.014473458994989809 16
1780884085925 0.015034082143203072 17
1780884093297 0.009808031113251396 18
1780884100763 0.010164387848066248 19
1780884108200 0.007228415945301886 20
1780884115544 0.009994825591211733 21
1780884123002 0.011295691780422045 22
1780884130417 0.01056236287821894 23
1780884137759 0.006304150042326554 24
1780884145283 0.016270741172458813 25
1780884152761 0.009124797323475714 26
1780884160152 0.009467218881068022 27
1780884167671 0.007353615501652594 28
1780884175131 0.006875934160274008 29
1780884182504 0.00935395061969757 30
1780884190030 0.007474266964456309 31
1780884197520 0.006396959657254426 32
1780884204898 0.00969177095786385 33
1780884212435 0.006059459370115529 34
1780884219899 0.004850958028565283 35
1780884227287 0.007063590314077294 36
1780884234812 0.005671735690987628 37
1780884242319 0.006348769949830096 38
1780884249699 0.005866293026053388 39
1780884257224 0.005908869530843652 40
1780884264721 0.007762235791786858 41
1780884272095 0.006401948954748071 42
1780884279643 0.007510632924411608 43
1780884284470 0.006641979450764863 44
