1780882595889 9.848269726542963 1
1780882603647 9.69554691708051 2
1780882611449 9.545192468475113 3
1780882619247 9.397169653186413 4
1780882627051 9.251442313229232 5
1780882634842 9.107974851341167 6
1780882642640 8.966732222287131 7
1780882650437 8.82767992429875 8
1780882658232 8.690783990646509 9
1780882666033 8.556010981342592 10
1780882673833 8.423327974972404 11
1780882681636 8.29270256065274 12
1780882689437 8.1641028301147 13
1780882697230 8.03749736990934 14
1780882705030 7.912855253734224 15
1780882712824 7.790146034878961 16
1780882720623 7.669339738787887 17
1780882728418 7.550406855738096 18
1780882736213 7.433318333631008 19
1780882744019 7.3180455708957215 20
1780882751810 7.204560409502424 21
1780882759608 7.092835128084141 22
1780882767409 6.982842435165154 23
1780882775206 6.87455546249443 24
1780882782995 6.767947758482434 25
1780882790796 6.662993281739706 26
1780882798590 6.55966639471567 27
1780882806390 6.457941857436056 28
1780882814184 6.357794821337459 29
1780882821985 6.25920082319751 30
1780882829783 6.162135779159161 31
1780882837581 6.066575978847656 32
1780882845374 5.972498079578718 33
1780882853341 5.879879100656563 34
1780882861102 5.788696417760341 35
1780882868893 5.698927757417613 36
1780882876712 5.610551191563552 37
1780882884521 5.523545132184502 38
1780882892333 5.437888326044607 39
1780882900159 5.353559849494226 40
1780882907963 5.270539103358837 41
1780882915780 5.188805807907229 42
1780882923598 5.108339997897691 43
1780882931412 5.029122017701059 44
1780882939226 4.95113251649937 45
1780882947043 4.87435244355897 46
1780882954855 4.7987630435769475 47
1780882962665 4.724345852099707 48
1780882970480 4.651082691012603 49
1780882978294 4.5789556640995235 50
1780882986103 4.507947152671316 51
1780882993924 4.4380398112620245 52
1780883001733 4.369216563391855 53
1780883009553 4.301460597395853 54
1780883017381 4.234755362317271 55
1780883025186 4.1690845638646055 56
1780883033000 4.104432160431353 57
1780883040815 4.0407823591774665 58
1780883048636 3.978119612171599 59
1780883056464 3.9164286125931587 60
1780883064285 3.8556942909932634 61
1780883072145 3.7959018116136867 62
1780883079937 3.7370365687628744 63
1780883087740 3.679084183248171 64
1780883095581 3.622030498863374 65
1780883103393 3.5658615789307464 66
1780883111201 3.5105637028966696 67
1780883119171 3.456123362980077 68
1780883127131 3.4025272608728665 69
1780883134949 3.349762304491488 70
1780883142898 3.297815604778893 71
1780883150825 3.2466744725560917 72
1780883158645 3.196326415422521 73
1780883166609 3.146759134704496 74
1780883174544 3.09796052245097 75
1780883182376 3.0499186584758893 76
1780883190356 3.002621807446414 77
1780883198340 2.9560584160162904 78
1780883206172 2.910217110003685 79
1780883214112 2.8650866916127704 80
1780883222038 2.8206561366984104 81
1780883229865 2.776914592073261 82
1780883237828 2.7338513728566216 83
1780883245775 2.691455959864414 84
1780883253602 2.649717997039623 85
1780883261561 2.6086272889225977 86
1780883269506 2.5681737981605677 87
1780883277330 2.528347643055795 88
1780883285285 2.489139095151736 89
1780883293241 2.4505385768566454 90
1780883301071 2.4125366591040294 91
1780883309037 2.375124059049373 92
1780883316995 2.338291637802598 93
1780883324832 2.302030398195676 94
1780883332787 2.2663314825848597 95
1780883340747 2.2311861706870033 96
1780883348588 2.196585877449431 97
1780883356547 2.1625221509528396 98
1780883364523 2.1289866703467206 99
1780883372365 2.0959712438168054 100
1780883380339 2.063467806584022 101
1780883388280 2.0314684189344856 102
1780883396094 1.9999652642800456 103
1780883404054 1.9689506472488985 104
1780883412020 1.93841699180582 105
1780883419848 1.9083568394015393 106
1780883427808 1.8787628471508213 107
1780883435773 1.8496277860387949 108
1780883443592 1.8209445391550985 109
1780883451526 1.7927060999554136 110
1780883459464 1.7649055705499526 111
1780883467309 1.7375361600184909 112
1780883475319 1.7105911827515268 113
1780883483295 1.6840640568171705 114
1780883491148 1.6579483023533519 115
1780883499122 1.6322375399849665 116
1780883507065 1.6069254892655662 117
1780883514884 1.5820059671432158 118
1780883522814 1.5574728864501375 119
1780883530713 1.5333202544157831 120
1780883538563 1.5095421712029602 121
1780883546612 1.4861328284666608 122
1780883554562 1.4630865079352384 123
1780883562417 1.4403975800135904 124
1780883570404 1.4180605024079984 125
1780883578396 1.3960698187722942 126
1780883586246 1.3744201573750239 127
1780883594214 1.3531062297872767 128
1780883602119 1.3321228295908647 129
1780883609947 1.3114648311065351 130
1780883617895 1.2911271881419064 131
1780883625816 1.2711049327588173 132
1780883633627 1.2513931740597941 133
1780883641590 1.2319870969933369 134
1780883649523 1.2128819611777322 135
1780883657427 1.1940730997431035 136
1780883665445 1.1755559181914235 137
1780883673433 1.1573258932742008 138
1780883681268 1.1393785718875715 139
1780883689208 1.1217095699845263 140
1780883697131 1.1043145715040072 141
1780883704962 1.0871893273166084 142
1780883712917 1.0703296541866287 143
1780883720825 1.053731433750221 144
1780883728657 1.0373906115093865 145
1780883736572 1.0213031958415684 146
1780883744464 1.0054652570246083 147
1780883752423 0.9898729262768201 148
1780883760484 0.9745223948119512 149
1780883768368 0.9594099129087972 150
1780883776164 0.944531788995248 151
1780883784096 0.9298843887465359 152
1780883792145 0.9154641341974661 153
1780883799954 0.9012675028684185 154
1780883807861 0.8872910269049001 155
1780883815789 0.8735312922304407 156
1780883823626 0.8599849377126272 157
1780883831571 0.846648654342069 158
1780883839479 0.8335191844240964 159
1780883847296 0.8205933207829931 160
1780883855254 0.8078679059785697 161
1780883863144 0.7953398315348872 162
1780883870936 0.7830060371809382 163
1780883878870 0.7708635101031067 164
1780883886767 0.7589092842092183 165
1780883894556 0.7471404394040047 166
1780883902485 0.7355541008758003 167
1780883910371 0.7241474383943072 168
1780883918162 0.7129176656192435 169
1780883926141 0.7018620394197156 170
1780883934033 0.6909778592041466 171
1780883941815 0.6802624662605933 172
1780883949748 0.6697132431072949 173
1780883957128 0.6602242813933523 174
