1780882595888 69.09816576086956 1
1780882603645 69.10665760869566 2
1780882611447 69.11514945652173 3
1780882619245 69.1321331521739 4
1780882627049 69.08118206521739 5
1780882634840 69.11514945652173 6
1780882642638 69.1321331521739 7
1780882650435 69.140625 8
1780882658231 69.08967391304348 9
1780882666031 69.17459239130434 10
1780882673831 69.18308423913044 11
1780882681634 69.12364130434783 12
1780882689435 69.1321331521739 13
1780882697228 69.1491168478261 14
1780882705028 69.140625 15
1780882712822 69.04721467391305 16
1780882720621 69.08118206521739 17
1780882728416 69.11514945652173 18
1780882736211 69.140625 19
1780882744017 69.15760869565217 20
1780882751808 69.12364130434783 21
1780882759606 69.17459239130434 22
1780882767407 69.11514945652173 23
1780882775204 69.18308423913044 24
1780882782993 69.1491168478261 25
1780882790794 69.01324728260869 26
1780882798588 69.07269021739131 27
1780882806388 69.1321331521739 28
1780882814182 69.16610054347827 29
1780882821983 69.16610054347827 30
1780882829781 69.21705163043478 31
1780882837579 69.15760869565217 32
1780882845372 69.08967391304348 33
1780882853340 69.19157608695652 34
1780882861101 69.08967391304348 35
1780882868891 69.11514945652173 36
1780882876710 69.09816576086956 37
1780882884519 69.12364130434783 38
1780882892331 69.1491168478261 39
1780882900157 69.09816576086956 40
1780882907961 69.17459239130434 41
1780882915778 69.15760869565217 42
1780882923596 69.12364130434783 43
1780882931410 69.03023097826086 44
1780882939224 69.04721467391305 45
1780882947041 69.05570652173914 46
1780882954853 69.140625 47
1780882962663 69.140625 48
1780882970478 69.05570652173914 49
1780882978292 69.18308423913044 50
1780882986101 69.1321331521739 51
1780882993922 69.12364130434783 52
1780883001731 69.09816576086956 53
1780883009550 69.12364130434783 54
1780883017379 69.17459239130434 55
1780883025184 69.07269021739131 56
1780883032998 69.1321331521739 57
1780883040813 69.10665760869566 58
1780883048634 69.1491168478261 59
1780883056462 69.08118206521739 60
1780883064283 69.140625 61
1780883072143 69.1491168478261 62
1780883079935 69.08118206521739 63
1780883087738 69.09816576086956 64
1780883095579 69.1491168478261 65
1780883103391 69.18308423913044 66
1780883111199 63.17085597826087 67
1780883119169 69.7265625 68
1780883127129 69.28498641304348 69
1780883134948 81.61514945652173 70
1780883142897 83.203125 71
1780883150824 75.16983695652173 72
1780883158643 82.78702445652173 73
1780883166607 72.63077445652173 74
1780883174543 68.27445652173914 75
1780883182374 79.82336956521739 76
1780883190355 85.04585597826086 77
1780883198338 82.45584239130434 78
1780883206170 75.78125 79
1780883214110 81.37737771739131 80
1780883222036 85.19870923913044 81
1780883229863 82.68512228260869 82
1780883237827 82.94836956521739 83
1780883245773 77.39470108695652 84
1780883253600 79.32235054347827 85
1780883261560 82.30298913043478 86
1780883269504 76.34171195652173 87
1780883277329 83.33899456521739 88
1780883285284 81.78498641304348 89
1780883293240 80.02717391304348 90
1780883301069 73.90455163043478 91
1780883309035 72.8600543478261 92
1780883316993 76.83423913043478 93
1780883324829 66.22792119565217 94
1780883332785 74.06589673913044 95
1780883340746 66.32982336956522 96
1780883348586 71.50985054347827 97
1780883356545 66.0071331521739 98
1780883364521 68.46976902173914 99
1780883372363 69.5227581521739 100
1780883380337 68.19802989130434 101
1780883388279 69.31895380434783 102
1780883396092 70.66066576086956 103
1780883404052 71.23811141304348 104
1780883412018 71.50985054347827 105
1780883419846 69.7265625 106
1780883427806 71.54381793478261 107
1780883435772 70.3125 108
1780883443590 71.32302989130434 109
1780883451524 69.3274456521739 110
1780883459461 68.61413043478261 111
1780883467308 68.89436141304348 112
1780883475317 71.39096467391305 113
1780883483294 71.39096467391305 114
1780883491146 73.33559782608695 115
1780883499120 73.47995923913044 116
1780883507064 74.31216032608695 117
1780883514882 75.50101902173914 118
1780883522812 73.28464673913044 119
1780883530711 70.27853260869566 120
1780883538561 70.04076086956522 121
1780883546610 71.4928668478261 122
1780883554560 71.65421195652173 123
1780883562415 73.0553668478261 124
1780883570402 73.32710597826086 125
1780883578394 72.6647418478261 126
1780883586245 73.6413043478261 127
1780883594212 73.0553668478261 128
1780883602118 72.14673913043478 129
1780883609945 72.48641304347827 130
1780883617893 73.70074728260869 131
1780883625815 73.31012228260869 132
1780883633625 67.56114130434783 133
1780883641588 71.07676630434783 134
1780883649522 72.14673913043478 135
1780883657426 70.62669836956522 136
1780883665443 74.46501358695652 137
1780883673432 70.26154891304348 138
1780883681267 73.41202445652173 139
1780883689206 70.04925271739131 140
1780883697129 70.36345108695652 141
1780883704960 69.77751358695652 142
1780883712915 68.07914402173914 143
1780883720824 67.3828125 144
1780883728655 67.82438858695652 145
1780883736570 67.52717391304348 146
1780883744463 72.16372282608695 147
1780883752421 70.24456521739131 148
1780883760482 72.23165760869566 149
1780883768367 69.3359375 150
1780883776162 71.31453804347827 151
1780883784094 71.52683423913044 152
1780883792143 77.94667119565217 153
1780883799952 70.45686141304348 154
1780883807860 67.62058423913044 155
1780883815787 70.27004076086956 156
1780883823624 67.11107336956522 157
1780883831569 68.7584918478261 158
1780883839478 70.95788043478261 159
1780883847294 72.73267663043478 160
1780883855252 71.14470108695652 161
1780883863142 71.6881793478261 162
1780883870935 73.71773097826086 163
1780883878868 53.175951086956516 164
1780883886765 73.41202445652173 165
1780883894555 66.52513586956522 166
1780883902483 71.18716032608695 167
1780883910370 76.91066576086956 168
1780883918160 73.50543478260869 169
1780883926139 72.54585597826086 170
1780883934032 72.95346467391305 171
1780883941813 73.90455163043478 172
1780883949746 77.87873641304348 173
1780883957126 73.19123641304348 174
