1780882595887 88.16774583899456 1
1780882603644 205.78360648777175 2
1780882611446 213.6195015285326 3
1780882619244 247.83969514266303 4
1780882627048 349.9179262907609 5
1780882634839 1669.9753736413043 6
1780882642637 1158.4064198369565 7
1780882650434 960.34765625 8
1780882658230 1349.2944972826087 9
1780882666030 825.9731657608696 10
1780882673830 537.3396314538044 11
1780882681632 1020.3563179347826 12
1780882689434 432.6896654211956 13
1780882697227 440.9546959918478 14
1780882705027 462.9794497282609 15
1780882712821 445.1257218070652 16
1780882720620 382.3488451086956 17
1780882728415 604.7966627038044 18
1780882736210 441.50870414402175 19
1780882744016 774.185886548913 20
1780882751807 358.83364470108694 21
1780882759605 119.99158245584239 22
1780882767406 601.3462126358696 23
1780882775203 399.13718580163044 24
1780882782992 260.84453549592394 25
1780882790793 472.1872452445652 26
1780882798587 336.6559740149456 27
1780882806387 340.7317637567935 28
1780882814181 340.125 29
1780882821982 593.7551800271739 30
1780882829780 279.93393342391306 31
1780882837578 369.3277004076087 32
1780882845371 351.5153914741848 33
1780882853339 274.3291015625 34
1780882861100 304.07895295516306 35
1780882868890 158.4424465013587 36
1780882876709 150.73398225203803 37
1780882884518 210.10334578804347 38
1780882892330 124.12668775475544 39
1780882900156 175.89094344429347 40
1780882907960 277.9665421195652 41
1780882915777 152.47281547214675 42
1780882923595 134.3818359375 43
1780882931409 113.94246773097827 44
1780882939223 130.82396399456522 45
1780882947040 204.67945397418478 46
1780882954852 298.5882515285326 47
1780882962662 149.31983483355978 48
1780882970477 238.33829398777175 49
1780882978291 247.98435377038044 50
1780882986100 243.74155061141303 51
1780882993921 169.28427522078803 52
1780883001730 135.25504203464675 53
1780883009549 186.19482421875 54
1780883017378 192.5325237771739 55
1780883025183 94.78564453125 56
1780883032997 161.6693699048913 57
1780883040812 227.5247749660326 58
1780883048633 133.8896484375 59
1780883056461 77.20700471297555 60
1780883064282 141.42081351902175 61
1780883072142 110.95568316915761 62
1780883079934 152.33594811480978 63
1780883087737 169.67238451086956 64
1780883095578 120.01658033288044 65
1780883103390 123.87986158288044 66
1780883111198 27.897001846976902 67
1780883119168 42.11768904976223 68
1780883127128 24.615316639775816 69
1780883134947 26.772763459578805 70
1780883142896 17.937320875084918 71
1780883150823 26.32305377462636 72
1780883158642 19.049373460852582 73
1780883166607 22.54174273947011 74
1780883174542 32.018196437669836 75
1780883182373 15.261599333389945 76
1780883190354 17.688042682150137 77
1780883198337 13.552403989045516 78
1780883206169 15.793074898097826 79
1780883214109 11.742317531419838 80
1780883222035 16.213461171025816 81
1780883229862 12.967041015625 82
1780883237826 14.11339403235394 83
1780883245772 16.694442085597824 84
1780883253599 17.237536886463996 85
1780883261559 14.675510572350543 86
1780883269503 14.307562786599863 87
1780883277328 9.257066809612772 88
1780883285283 11.738419242527174 89
1780883293239 18.76556396484375 90
1780883301068 13.087044093919838 91
1780883309034 16.82077291737432 92
1780883316992 12.458464249320652 93
1780883324828 8.916680377462637 94
1780883332784 9.025370722231658 95
1780883340745 9.448991858440897 96
1780883348585 10.5697545590608 97
1780883356544 14.85355808423913 98
1780883364520 12.98038913892663 99
1780883372362 13.846511177394701 100
1780883380336 8.899054485818613 101
1780883388278 8.8834752621858 102
1780883396091 10.500444495159647 103
1780883404051 6.889730702275815 104
1780883412017 5.985902869183084 105
1780883419845 7.162254665208899 106
1780883427805 7.779385110606318 107
1780883435771 7.822714100713315 108
1780883443590 7.220429130222486 109
1780883451523 7.748236614724864 110
1780883459460 11.406797989555027 111
1780883467307 9.411126178243887 112
1780883475315 8.557710730511209 113
1780883483293 8.074699733568275 114
1780883491145 7.739342067552649 115
1780883499119 7.939043791397758 116
1780883507063 6.50246927012568 117
1780883514881 5.182360110075577 118
1780883522811 6.508168096127718 119
1780883530710 6.067842566448709 120
1780883538560 10.43858005689538 121
1780883546609 6.933604364809782 122
1780883554559 7.4220143193783965 123
1780883562414 5.322115027386209 124
1780883570401 5.484906735627548 125
1780883578393 6.498821756114131 126
1780883586244 4.330359085746434 127
1780883594211 4.72910507865574 128
1780883602117 4.656067889669667 129
1780883609944 6.13701463782269 130
1780883617893 4.070325105086617 131
1780883625814 4.13985940684443 132
1780883633624 7.9285755986752715 133
1780883641587 2.5402576612389605 134
1780883649521 4.652550407077955 135
1780883657425 4.643013995626698 136
1780883665443 2.9515360956606655 137
1780883673431 4.61913133704144 138
1780883681266 3.1504423721976904 139
1780883689205 4.00610583761464 140
1780883697128 4.823360608971638 141
1780883704959 4.602651181428329 142
1780883712914 6.258160798445992 143
1780883720823 5.681122489597486 144
1780883728654 4.105806101923403 145
1780883736569 4.625323088272758 146
1780883744462 2.9325816942297895 147
1780883752420 3.734791962996773 148
1780883760481 3.129596876061481 149
1780883768366 4.3430053047511885 150
1780883776161 2.468277309251868 151
1780883784093 2.9272125907566235 152
1780883792142 1.8480013971743376 153
1780883799951 3.334990459939708 154
1780883807859 4.591913637907608 155
1780883815787 3.458727961001189 156
1780883823623 4.043005238408628 157
1780883831568 3.4544229922087295 158
1780883839477 3.0786431354025137 159
1780883847293 2.046558711839759 160
1780883855251 2.6606735561204995 161
1780883863141 3.2369199006453804 162
1780883870934 2.730024752409562 163
1780883878867 3.637950731360394 164
1780883886764 2.78154820981233 165
1780883894553 4.070018602454144 166
1780883902482 2.8835104237432065 167
1780883910369 1.535124571427055 168
1780883918159 2.4982951620350713 169
1780883926138 2.878871420155401 170
1780883934031 2.248616425887398 171
1780883941812 2.374366096828295 172
1780883949745 1.5222383582073709 173
1780883957125 1.7802342953889265 174
