1781247865493 0.018506643384001976 1
1781247872546 0.015713461609773858 2
1781247879524 0.013453428135361782 3
1781247886422 0.013028456721194955 4
1781247893335 0.014369363008543502 5
1781247900337 0.012105625729228174 6
1781247907232 0.0105823160603989 7
1781247914142 0.010357963484387065 8
1781247920970 0.008952286354331084 9
1781247928185 0.008477754371110783 10
1781247935078 0.007953046366225841 11
1781247941903 0.00999752310819404 12
1781247948911 0.007439235615175824 13
1781247955985 0.007152517867642779 14
1781247962800 0.00711714181789132 15
1781247969819 0.008748132129048193 16
1781247976721 0.007278466640516769 17
1781247983542 0.007312416337257208 18
1781247990564 0.006835546604422636 19
1781247997636 0.008486974377964819 20
1781248004452 0.00868887471598248 21
1781248011734 0.006239573622858802 22
1781248018620 0.007268640191056008 23
1781248025454 0.007201156643934028 24
1781248032452 0.005943713493125383 25
1781248039356 0.005969839733700419 26
1781248046349 0.008263807657153108 27
1781248053231 0.00698191759198211 28
1781248060123 0.0077475912349168645 29
1781248066940 0.005801209530165029 30
1781248073951 0.005910486675972162 31
1781248080832 0.00755620002746582 32
1781248087651 0.007501022760258164 33
1781248094661 0.007822194764780443 34
1781248101552 0.00780727558357771 35
1781248108377 0.008809964324152746 36
1781248115349 0.006106740513513255 37
1781248122249 0.007813769024471904 38
1781248129066 0.007467683664588041 39
1781248136077 0.00646040675251983 40
1781248142966 0.00785530029341232 41
1781248149784 0.007423512464345887 42
1781248156797 0.0060453518878581915 43
1781248163686 0.011642841405646746 44
1781248170503 0.008202685866245004 45
1781248177514 0.008535548698070437 46
1781248181989 0.007844228384106658 47
