1781247865494 0.6602242813933523 1
1781247872548 0.6602242813933523 2
1781247879526 0.6602242813933523 3
1781247886424 0.6602242813933523 4
1781247893337 0.6602242813933523 5
1781247900339 0.6602242813933523 6
1781247907234 0.6602242813933523 7
1781247914145 0.6602242813933523 8
1781247920972 0.6602242813933523 9
1781247928188 0.6602242813933523 10
1781247935081 0.6602242813933523 11
1781247941906 0.6602242813933523 12
1781247948914 0.6602242813933523 13
1781247955987 0.6602242813933523 14
1781247962802 0.6602242813933523 15
1781247969822 0.6602242813933523 16
1781247976723 0.6602242813933523 17
1781247983544 0.6602242813933523 18
1781247990567 0.6602242813933523 19
1781247997639 0.6602242813933523 20
1781248004454 0.6602242813933523 21
1781248011738 0.6602242813933523 22
1781248018622 0.6602242813933523 23
1781248025456 0.6602242813933523 24
1781248032456 0.6602242813933523 25
1781248039358 0.6602242813933523 26
1781248046351 0.6602242813933523 27
1781248053233 0.6602242813933523 28
1781248060125 0.6602242813933523 29
1781248066943 0.6602242813933523 30
1781248073954 0.6602242813933523 31
1781248080834 0.6602242813933523 32
1781248087654 0.6602242813933523 33
1781248094664 0.6602242813933523 34
1781248101554 0.6602242813933523 35
1781248108379 0.6602242813933523 36
1781248115352 0.6602242813933523 37
1781248122251 0.6602242813933523 38
1781248129068 0.6602242813933523 39
1781248136080 0.6602242813933523 40
1781248142969 0.6602242813933523 41
1781248149786 0.6602242813933523 42
1781248156800 0.6602242813933523 43
1781248163688 0.6602242813933523 44
1781248170505 0.6602242813933523 45
1781248177518 0.6602242813933523 46
1781248181991 0.6602242813933523 47
