1781247865493 99.30959302325581 1
1781247872547 99.24600290697676 2
1781247879524 99.56395348837209 3
1781247886423 99.61845930232558 4
1781247893335 99.67296511627907 5
1781247900337 99.78197674418605 6
1781247907233 99.8001453488372 7
1781247914143 99.86373546511628 8
1781247920971 99.93640988372093 9
1781247928186 99.92732558139535 10
1781247935079 99.90915697674419 11
1781247941904 99.8092296511628 12
1781247948912 99.8001453488372 13
1781247955985 99.94549418604652 14
1781247962801 99.8092296511628 15
1781247969820 99.82739825581395 16
1781247976722 99.91824127906976 17
1781247983543 99.93640988372093 18
1781247990565 99.84556686046511 19
1781247997638 99.93640988372093 20
1781248004453 99.8001453488372 21
1781248011735 99.97274709302324 22
1781248018621 99.89098837209302 23
1781248025455 99.90915697674419 24
1781248032453 99.8546511627907 25
1781248039357 99.84556686046511 26
1781248046350 99.92732558139535 27
1781248053231 99.90007267441861 28
1781248060124 99.70021802325581 29
1781248066941 99.86373546511628 30
1781248073952 99.8546511627907 31
1781248080833 99.78197674418605 32
1781248087652 99.87281976744185 33
1781248094662 99.8001453488372 34
1781248101553 99.90007267441861 35
1781248108378 99.65479651162791 36
1781248115350 99.94549418604652 37
1781248122249 99.8092296511628 38
1781248129066 99.65479651162791 39
1781248136078 99.84556686046511 40
1781248142967 99.95457848837209 41
1781248149785 99.92732558139535 42
1781248156798 99.87281976744185 43
1781248163687 99.44585755813954 44
1781248170504 99.90007267441861 45
1781248177515 99.76380813953489 46
1781248181990 99.73655523255815 47
