1781246489357 9.85831306441073 1
1781246496789 9.715332180565344 2
1781246504088 9.5744250321564 3
1781246511497 9.435561542585232 4
1781246518887 9.298712071471687 5
1781246526186 9.163847408327388 6
1781246533601 9.030938766320775 7
1781246541000 8.899957776132542 8
1781246548294 8.770876479900233 9
1781246555704 8.643667325250629 10
1781246563126 8.518303159418704 11
1781246570428 8.394757223451876 12
1781246577845 8.273003146498311 13
1781246585235 8.153014940178076 14
1781246592531 8.034766993035916 15
1781246599967 7.918234065074507 16
1781246607361 7.803391282366969 17
1781246614670 7.690214131747549 18
1781246622099 7.578678455579279 19
1781246629491 7.468760446597539 20
1781246636782 7.3604366428283985 21
1781246644201 7.25368392258067 22
1781246651606 7.148479499510581 23
1781246658901 7.044800917758041 24
1781246666311 6.942626047153438 25
1781246673779 6.841933078493963 26
1781246681093 6.742700518888441 27
1781246688484 6.64490718716967 28
1781246695880 6.548532209373317 29
1781246703166 6.45355501428237 30
1781246710633 6.359955329036213 31
1781246718034 6.267713174803395 32
1781246725364 6.176808862517151 33
1781246732773 6.08722298867277 34
1781246740214 5.998936431185928 35
1781246747552 5.911930345311081 36
1781246755068 5.8261861596190565 37
1781246762477 5.741685572032992 38
1781246769784 5.658410545921752 39
1781246777199 5.576343306250022 40
1781246784605 5.495466335784225 41
1781246791923 5.415762371353475 42
1781246799352 5.337214400164756 43
1781246806758 5.2598056561715465 44
1781246814063 5.183519616495111 45
1781246821500 5.108339997897691 46
1781246828916 5.034250753306856 47
1781246836223 4.961236068390259 48
1781246843646 4.889280358180072 49
1781246851051 4.818368263746372 50
1781246858359 4.7484846489187875 51
1781246865786 4.6796145970556875 52
1781246873199 4.611743407860217 53
1781246880503 4.544856594242536 54
1781246887934 4.478939879227545 55
1781246895339 4.413979192907468 56
1781246902639 4.349960669438638 57
1781246910071 4.286870644081833 58
1781246917504 4.224695650285539 59
1781246924818 4.163422416811523 60
1781246932276 4.103037864902085 61
1781246939683 4.043529105488401 62
1781246947053 3.9848834364393593 63
1781246954459 3.927088339850287 64
1781246961827 3.8701314793710067 65
1781246969166 3.814000697572651 66
1781246976582 3.7586840133526565 67
1781246983999 3.704169619377402 68
1781246991306 3.650445879561936 69
1781246998729 3.5975013265862588 70
1781247006136 3.5453246594476195 71
1781247013443 3.4939047410483286 72
1781247020861 3.4432305958185405 73
1781247028294 3.39329140737352 74
1781247035596 3.3440765162048933 75
1781247043029 3.2955754174053755 76
1781247050430 3.247777758426494 77
1781247057749 3.200673336868853 78
1781247065168 3.154252098304421 79
1781247072584 3.1085041341304214 80
1781247079884 3.0634196794543445 81
1781247087290 3.0189891110096294 82
1781247094729 2.9752029451015827 83
1781247102048 2.9320518355830854 84
1781247109465 2.88952657185966 85
1781247116842 2.847618076923471 86
1781247124183 2.8063174054158404 87
1781247131620 2.765615741717861 88
1781247139016 2.7255043980687055 89
1781247146320 2.685974812711229 90
1781247153741 2.647018548064459 91
1781247161109 2.6086272889225977 92
1781247168419 2.5707928406801446 93
1781247175849 2.5335071275827574 94
1781247183237 2.4967621910034876 95
1781247190532 2.460550187744007 96
1781247197946 2.424863388360486 97
1781247205354 2.3896941755137417 98
1781247212667 2.3550350423433195 99
1781247220083 2.3208785908651546 100
1781247227483 2.2872175303924758 101
1781247234781 2.254044675979607 102
1781247242198 2.2213529468883464 103
1781247249590 2.189135365076581 104
1781247256916 2.1573850537088264 105
1781247264342 2.1260952356883687 106
1781247271743 2.095259232210693 107
1781247279052 2.064870461337895 108
1781247286474 2.034922436593768 109
1781247293862 2.005408765579266 110
1781247301208 1.9763231486080477 111
1781247308614 1.947659377361809 112
1781247316017 1.9194113335651206 113
1781247323321 1.89157298767948 114
1781247330756 1.8641383976163133 115
1781247338145 1.837101707468633 116
1781247345455 1.8104571462610979 117
1781247352905 1.7841990267182002 118
1781247360295 1.7583217440503172 119
1781247367601 1.7328197747573686 120
1781247375090 1.7076876754498305 121
1781247382465 1.6829200816868415 122
1781247389763 1.6585117068311668 123
1781247397167 1.634457340920764 124
1781247404568 1.6107518495567201 125
1781247411896 1.5873901728073143 126
1781247419325 1.5643673241279759 127
1781247426700 1.5416783892969101 128
1781247434008 1.5193185253661556 129
1781247441426 1.49728295962786 130
1781247448794 1.4755669885955465 131
1781247456081 1.4541659770001534 132
1781247463499 1.4330753568006416 133
1781247470865 1.4122906262089432 134
1781247478153 1.3918073487290572 135
1781247485563 1.3716211522100812 136
1781247492937 1.3517277279129758 137
1781247500231 1.3321228295908647 138
1781247507631 1.3128022725826758 139
1781247514990 1.2937619329199261 140
1781247522280 1.2749977464464604 141
1781247529689 1.2565057079509587 142
1781247537066 1.2382818703120253 143
1781247544352 1.220322343655675 144
1781247551764 1.2026232945250424 145
1781247559135 1.1851809450621307 146
1781247566445 1.1679915722014278 147
1781247573902 1.1510515068752203 148
1781247581278 1.1343571332304312 149
1781247588629 1.1179048878568156 150
1781247596111 1.1016912590263541 151
1781247603567 1.0857127859436735 152
1781247610883 1.0699660580073416 153
1781247618286 1.054447714081874 154
1781247625679 1.039154441780303 155
1781247632988 1.0240829767571449 156
1781247640423 1.0092301020116317 157
1781247647932 0.9945926472010385 158
1781247655222 0.9801674879639771 159
1781247662656 0.9659515452535011 160
1781247670049 0.9519417846798834 161
1781247677359 0.9381352158629274 162
1781247684777 0.9245288917936701 163
1781247692342 0.911119908205345 164
1781247699674 0.8979054029534655 165
1781247707073 0.8848825554049022 166
1781247714513 0.8720485858358176 167
1781247721813 0.8594007548383367 168
1781247729213 0.8469363627358201 169
1781247736591 0.8346527490066185 170
1781247743869 0.8225472917161848 171
1781247751291 0.8106174069574239 172
1781247758869 0.7988605482991564 173
1781247766145 0.7872742062425857 174
1781247773575 0.775855907685644 175
1781247780974 0.7646032153951109 176
1781247788257 0.753513727486385 177
1781247795846 0.7425850769108036 178
1781247803202 0.7318149309503956 179
1781247810483 0.7212009907199641 180
1781247817898 0.7107409906763894 181
1781247825266 0.7004326981350499 182
1781247832724 0.6902739127932553 183
1781247840088 0.6802624662605933 184
1781247847498 0.6703962215960863 185
1781247854778 0.6606730728520628 186
1781247857028 0.6602242813933523 187
