1781246489354 0.8577548182287882 1
1781246496787 2.001833361248637 2
1781246504086 4.642554704533067 3
1781246511495 5.738678333371184 4
1781246518885 6.087395956349927 5
1781246526183 4.281276969022529 6
1781246533599 7.64185492936955 7
1781246540998 2.673373200172602 8
1781246548292 1.8457306263058684 9
1781246555702 4.369506126226381 10
1781246563124 1.4846515211948128 11
1781246570425 2.015452185342478 12
1781246577843 0.7160019541895667 13
1781246585233 0.7453680703806322 14
1781246592529 3.398633735124455 15
1781246599965 1.4375438246616097 16
1781246607358 1.124784602675327 17
1781246614667 1.0628648802291516 18
1781246622097 4.18259092818859 19
1781246629488 1.9220227973405706 20
1781246636779 5.5177356808684594 21
1781246644197 3.373365890148074 22
1781246651603 10.482008823128634 23
1781246658898 2.5255905861078305 24
1781246666308 3.358818586482558 25
1781246673776 3.689832465593205 26
1781246681091 2.129230587981468 27
1781246688482 1.9403310376544332 28
1781246695878 1.8059527374977289 29
1781246703163 1.0193757345510084 30
1781246710630 0.6646620728248773 31
1781246718031 3.480481879655705 32
1781246725361 4.3281707763671875 33
1781246732770 2.5555969947992367 34
1781246740212 3.591906880223474 35
1781246747549 3.1342471810274346 36
1781246755066 4.41769835006359 37
1781246762475 2.5649625201557957 38
1781246769782 1.6199046290198038 39
1781246777196 3.1354281403297604 40
1781246784602 0.9379478277162064 41
1781246791921 1.6464488894440408 42
1781246799350 3.164093017578125 43
1781246806756 1.4789765823719114 44
1781246814060 0.848140184269395 45
1781246821498 1.137187869049782 46
1781246828914 2.103298630825309 47
1781246836220 0.9148639412813409 48
1781246843644 1.305771406306777 49
1781246851048 1.8960381441338117 50
1781246858355 1.4340503603913064 51
1781246865784 1.2331959924032523 52
1781246873196 1.0162775793740915 53
1781246880501 1.7129896297011264 54
1781246887931 1.788592671239099 55
1781246895337 1.7069844090661337 56
1781246902636 2.708778736203216 57
1781246910068 3.0905183304187864 58
1781246917502 2.3005328511082848 59
1781246924816 2.922091461891352 60
1781246932274 2.69528641811637 61
1781246939681 3.1909637451171875 62
1781246947050 2.0713390971339027 63
1781246954457 2.990325927734375 64
1781246961825 3.046800835188045 65
1781246969163 6.47322259947311 66
1781246976579 5.02600984795149 67
1781246983997 4.664493294649346 68
1781246991304 2.506043545035429 69
1781246998727 5.021564927212028 70
1781247006133 4.2003734499909156 71
1781247013440 4.816714974336846 72
1781247020859 3.422782720521439 73
1781247028291 5.845926329146984 74
1781247035594 3.978793831758721 75
1781247043027 4.581664684206941 76
1781247050428 5.5498912722565406 77
1781247057746 4.001321127248365 78
1781247065166 5.884654200354288 79
1781247072581 6.415985817132994 80
1781247079881 7.525483597156613 81
1781247087288 7.6003978640534156 82
1781247094727 5.364601312681686 83
1781247102046 6.005178052325581 84
1781247109463 7.6638673294422235 85
1781247116840 9.348979861237282 86
1781247124181 8.762108381404433 87
1781247131618 7.94444878156795 88
1781247139013 6.0744813431140985 89
1781247146318 6.67201410337936 90
1781247153739 7.341658481331759 91
1781247161106 5.541306606558866 92
1781247168416 5.193625871525255 93
1781247175846 6.115928472474564 94
1781247183234 2.8339673419331395 95
1781247190529 4.847605860510538 96
1781247197944 5.278926405795785 97
1781247205351 5.230192317519077 98
1781247212665 6.430861362191134 99
1781247220080 5.292795580486919 100
1781247227480 4.094339060228925 101
1781247234778 5.294249778570131 102
1781247242195 5.035956094431323 103
1781247249588 6.380684076353561 104
1781247256913 5.004237330237101 105
1781247264340 6.316632647847021 106
1781247271741 7.149820726971294 107
1781247279050 6.80788758743641 108
1781247286471 5.435074562250182 109
1781247293859 5.294435368027798 110
1781247301206 7.979648323946221 111
1781247308612 6.465734437454579 112
1781247316014 7.188468755677689 113
1781247323318 6.2875181686046515 114
1781247330753 4.569609531136447 115
1781247338142 4.7933129598928055 116
1781247345452 5.1174774169921875 117
1781247352902 5.363792242005814 118
1781247360292 5.4931150924327765 119
1781247367598 5.2885589599609375 120
1781247375088 7.15880425031795 121
1781247382463 5.882381350495095 122
1781247389761 6.2939673135446945 123
1781247397164 5.069695761037427 124
1781247404566 5.146138390829397 125
1781247411894 6.059067127316497 126
1781247419322 4.68500572027162 127
1781247426697 5.291540811228198 128
1781247434005 5.133740447288336 129
1781247441423 4.8181340417196585 130
1781247448791 5.045420801916788 131
1781247456078 5.79385801803234 132
1781247463496 4.8008167355559594 133
1781247470863 5.257569778797238 134
1781247478150 4.393321192541788 135
1781247485560 4.567009149595749 136
1781247492935 3.9569836993550145 137
1781247500229 5.161779714185138 138
1781247507628 4.927068311114644 139
1781247514987 5.7732664596202765 140
1781247522278 4.745821220930233 141
1781247529686 5.644745937613553 142
1781247537064 9.238269184910974 143
1781247544350 4.608854781749637 144
1781247551761 5.009261020394259 145
1781247559133 5.968137519304142 146
1781247566442 4.984931058661882 147
1781247573899 4.4466162393259445 148
1781247581276 4.288297786269077 149
1781247588626 4.210373634515807 150
1781247596108 4.337885302166606 151
1781247603564 3.5489881648573767 152
1781247610880 3.785545171693314 153
1781247618284 4.847287555073583 154
1781247625677 5.177672984988191 155
1781247632985 5.632613071175509 156
1781247640421 3.6649357995321585 157
1781247647930 3.9384176564771076 158
1781247655219 4.592330222906068 159
1781247662653 4.0813506370367 160
1781247670046 4.458979761877726 161
1781247677357 3.8245033441587934 162
1781247684774 3.898988590684048 163
1781247692340 3.691288792809775 164
1781247699672 3.5154780897983287 165
1781247707070 3.761870628179506 166
1781247714510 4.596724399300509 167
1781247721810 3.402088253997093 168
1781247729210 3.845135356104651 169
1781247736589 4.095089224881904 170
1781247743867 4.015375536541606 171
1781247751289 4.084329649459484 172
1781247758867 3.312897438226744 173
1781247766143 3.839622320130814 174
1781247773573 3.356780296148256 175
1781247780972 3.5320640386537066 176
1781247788255 3.5507695397665335 177
1781247795843 3.2820459410201672 178
1781247803200 4.153970053029615 179
1781247810481 4.44089135458303 180
1781247817896 4.18537264092024 181
1781247825264 4.536286464957303 182
1781247832722 3.111016561818677 183
1781247840086 3.013031005859375 184
1781247847496 3.407769491506177 185
1781247854776 3.6711532237917877 186
1781247857026 3.6147947089616643 187
