1781246489355 85.60138081395348 1
1781246496788 85.61954941860465 2
1781246504087 85.57412790697676 3
1781246511496 85.546875 4
1781246518886 85.61046511627907 5
1781246526184 85.64680232558139 6
1781246533600 85.6922238372093 7
1781246540998 90.44331395348837 8
1781246548293 92.80523255813954 9
1781246555703 73.20130813953489 10
1781246563124 74.49127906976744 11
1781246570426 67.60537790697676 12
1781246577844 93.98619186046511 13
1781246585234 92.36918604651163 14
1781246592530 83.69367732558139 15
1781246599965 89.78015988372093 16
1781246607359 92.30559593023256 17
1781246614668 92.50545058139535 18
1781246622098 79.92369186046511 19
1781246629489 87.6453488372093 20
1781246636780 77.77071220930233 21
1781246644198 84.43859011627907 22
1781246651604 73.41024709302324 23
1781246658899 86.24636627906976 24
1781246666309 82.26744186046511 25
1781246673777 83.0577761627907 26
1781246681092 85.23800872093024 27
1781246688483 87.32739825581395 28
1781246695878 89.74382267441861 29
1781246703164 91.66969476744185 30
1781246710631 93.48655523255815 31
1781246718032 81.19549418604652 32
1781246725362 78.16133720930233 33
1781246732771 82.93059593023256 34
1781246740213 80.2779796511628 35
1781246747550 79.66933139534885 36
1781246755066 79.1061046511628 37
1781246762475 84.44767441860465 38
1781246769783 88.35392441860465 39
1781246777197 84.60210755813954 40
1781246784603 91.31540697674419 41
1781246791921 87.67260174418605 42
1781246799351 81.03197674418605 43
1781246806757 88.10864825581395 44
1781246814061 91.95130813953489 45
1781246821499 89.16242732558139 46
1781246828914 85.02906976744185 47
1781246836221 91.38808139534885 48
1781246843644 89.49854651162791 49
1781246851049 85.75581395348837 50
1781246858356 87.50908430232558 51
1781246865784 90.13444767441861 52
1781246873197 89.2623546511628 53
1781246880501 86.54614825581395 54
1781246887932 85.51962209302324 55
1781246895338 86.20094476744185 56
1781246902637 84.9109738372093 57
1781246910069 82.30377906976744 58
1781246917503 84.00254360465115 59
1781246924817 82.39462209302324 60
1781246932275 82.00399709302324 61
1781246939682 79.24236918604652 62
1781246947051 84.82013081395348 63
1781246954458 80.56867732558139 64
1781246961825 81.19549418604652 65
1781246969164 69.93095930232558 66
1781246976580 72.48364825581395 67
1781246983998 74.32776162790698 68
1781246991305 82.13117732558139 69
1781246998728 69.7311046511628 70
1781247006134 71.6842296511628 71
1781247013441 72.23837209302324 72
1781247020860 76.3626453488372 73
1781247028292 69.62209302325581 74
1781247035595 73.03779069767442 75
1781247043027 69.97638081395348 76
1781247050429 68.53197674418605 77
1781247057747 72.87427325581395 78
1781247065166 69.24963662790698 79
1781247072582 67.36918604651163 80
1781247079882 64.97093023255815 81
1781247087289 66.86046511627907 82
1781247094728 71.42078488372093 83
1781247102046 65.96111918604652 84
1781247109464 66.42441860465115 85
1781247116840 65.83393895348837 86
1781247124181 62.29106104651163 87
1781247131619 64.23510174418605 88
1781247139014 66.91497093023256 89
1781247146319 65.86119186046511 90
1781247153740 65.68859011627907 91
1781247161107 68.39571220930233 92
1781247168417 70.5577761627907 93
1781247175847 68.18677325581395 94
1781247183235 77.24382267441861 95
1781247190530 69.84011627906976 96
1781247197945 68.54106104651163 97
1781247205352 69.30414244186046 98
1781247212665 67.7779796511628 99
1781247220081 68.87718023255815 100
1781247227481 70.34883720930233 101
1781247234779 66.58793604651163 102
1781247242196 69.140625 103
1781247249589 67.70530523255815 104
1781247256914 68.22311046511628 105
1781247264341 66.19731104651163 106
1781247271742 66.13372093023256 107
1781247279051 63.190406976744185 108
1781247286472 67.10574127906976 109
1781247293860 69.94912790697676 110
1781247301207 63.74454941860465 111
1781247308613 66.03379360465115 112
1781247316015 62.39098837209303 113
1781247323319 65.38880813953489 114
1781247330754 69.12245639534885 115
1781247338143 67.39643895348837 116
1781247345453 68.76816860465115 117
1781247352903 66.5515988372093 118
1781247360293 65.84302325581395 119
1781247367599 68.9407703488372 120
1781247375089 62.254723837209305 121
1781247382464 66.24273255813954 122
1781247389762 65.14353197674419 123
1781247397165 72.29287790697676 124
1781247404567 68.65915697674419 125
1781247411895 66.015625 126
1781247419323 71.31177325581395 127
1781247426698 67.42369186046511 128
1781247434006 67.64171511627907 129
1781247441424 68.65007267441861 130
1781247448792 69.04069767441861 131
1781247456079 65.49781976744185 132
1781247463497 68.63190406976744 133
1781247470864 69.87645348837209 134
1781247478151 68.88626453488372 135
1781247485561 70.69404069767442 136
1781247492935 74.32776162790698 137
1781247500230 68.73183139534885 138
1781247507629 69.64026162790698 139
1781247514988 68.66824127906976 140
1781247522279 69.48582848837209 141
1781247529687 67.70530523255815 142
1781247537065 69.16787790697676 143
1781247544351 72.21111918604652 144
1781247551762 70.83030523255815 145
1781247559133 70.24890988372093 146
1781247566443 73.09229651162791 147
1781247573900 73.61010174418605 148
1781247581276 74.22783430232558 149
1781247588627 74.68204941860465 150
1781247596109 70.13081395348837 151
1781247603565 73.45566860465115 152
1781247610881 73.07412790697676 153
1781247618285 71.19367732558139 154
1781247625678 71.03924418604652 155
1781247632986 70.53052325581395 156
1781247640422 76.06286337209302 157
1781247647930 75.56322674418605 158
1781247655220 72.54723837209302 159
1781247662654 73.92805232558139 160
1781247670047 70.56686046511628 161
1781247677358 73.95530523255815 162
1781247684775 72.69258720930233 163
1781247692341 75.91751453488372 164
1781247699673 74.33684593023256 165
1781247707071 73.59193313953489 166
1781247714511 73.51017441860465 167
1781247721811 74.47311046511628 168
1781247729211 73.65552325581395 169
1781247736589 73.12863372093024 170
1781247743868 74.92732558139535 171
1781247751290 73.32848837209302 172
1781247758868 78.57013081395348 173
1781247766143 73.92805232558139 174
1781247773574 74.26417151162791 175
1781247780972 73.81904069767442 176
1781247788256 74.29142441860465 177
1781247795844 78.63372093023256 178
1781247803200 74.03706395348837 179
1781247810482 74.42768895348837 180
1781247817897 77.35283430232558 181
1781247825265 73.36482558139535 182
1781247832722 79.31504360465115 183
1781247840086 79.01526162790698 184
1781247847497 76.50799418604652 185
1781247854777 75.37245639534885 186
1781247857027 75.73582848837209 187
