1781249568598 0.6602242813933523 1
1781249575705 0.6602242813933523 2
1781249582719 0.6602242813933523 3
1781249589675 0.6602242813933523 4
1781249596630 0.6602242813933523 5
1781249603513 0.6602242813933523 6
1781249610518 0.6602242813933523 7
1781249617649 0.6602242813933523 8
1781249624507 0.6602242813933523 9
1781249631576 0.6602242813933523 10
1781249638506 0.6602242813933523 11
1781249645565 0.6602242813933523 12
1781249652458 0.6602242813933523 13
1781249659361 0.6602242813933523 14
1781249666188 0.6602242813933523 15
1781249673202 0.6602242813933523 16
1781249680133 0.6602242813933523 17
1781249686968 0.6602242813933523 18
1781249693974 0.6602242813933523 19
1781249700882 0.6602242813933523 20
1781249707713 0.6602242813933523 21
1781249714710 0.6602242813933523 22
1781249721618 0.6602242813933523 23
1781249728445 0.6602242813933523 24
1781249735453 0.6602242813933523 25
1781249742522 0.6602242813933523 26
1781249749339 0.6602242813933523 27
1781249756358 0.6602242813933523 28
1781249763295 0.6602242813933523 29
1781249770133 0.6602242813933523 30
1781249777133 0.6602242813933523 31
1781249784088 0.6602242813933523 32
1781249790930 0.6602242813933523 33
1781249797922 0.6602242813933523 34
1781249804866 0.6602242813933523 35
1781249811709 0.6602242813933523 36
1781249818699 0.6602242813933523 37
1781249825646 0.6602242813933523 38
1781249832490 0.6602242813933523 39
1781249839732 0.6602242813933523 40
1781249846662 0.6602242813933523 41
1781249853515 0.6602242813933523 42
1781249860487 0.6602242813933523 43
1781249867433 0.6602242813933523 44
1781249874276 0.6602242813933523 45
1781249881276 0.6602242813933523 46
1781249885773 0.6602242813933523 47
