1781249568597 98.46475290697676 1
1781249575703 99.609375 2
1781249582718 99.8001453488372 3
1781249589674 99.52761627906976 4
1781249596629 99.54578488372093 5
1781249603511 99.7547238372093 6
1781249610516 99.47311046511628 7
1781249617647 99.78197674418605 8
1781249624505 99.78197674418605 9
1781249631574 99.77289244186046 10
1781249638505 99.8092296511628 11
1781249645564 99.88190406976744 12
1781249652457 99.4095203488372 13
1781249659359 99.47311046511628 14
1781249666187 99.49127906976744 15
1781249673199 99.76380813953489 16
1781249680132 99.69113372093024 17
1781249686966 99.81831395348837 18
1781249693972 99.71838662790698 19
1781249700881 99.90007267441861 20
1781249707711 99.84556686046511 21
1781249714708 99.8001453488372 22
1781249721617 99.50036337209302 23
1781249728443 99.7547238372093 24
1781249735451 99.7547238372093 25
1781249742521 99.92732558139535 26
1781249749337 99.87281976744185 27
1781249756356 99.8546511627907 28
1781249763294 99.91824127906976 29
1781249770131 99.60029069767442 30
1781249777131 99.87281976744185 31
1781249784086 99.79106104651163 32
1781249790929 99.58212209302324 33
1781249797920 99.78197674418605 34
1781249804864 99.97274709302324 35
1781249811707 99.82739825581395 36
1781249818697 99.72747093023256 37
1781249825644 99.66388081395348 38
1781249832488 99.76380813953489 39
1781249839730 99.8546511627907 40
1781249846661 99.92732558139535 41
1781249853513 99.93640988372093 42
1781249860486 99.55486918604652 43
1781249867431 99.79106104651163 44
1781249874274 99.77289244186046 45
1781249881274 99.89098837209302 46
1781249885772 99.89098837209302 47
