1781249568596 0.030375940855159315 1
1781249575702 0.012624048909475638 2
1781249582717 0.011012758626494297 3
1781249589673 0.010937013598375542 4
1781249596628 0.010206630063611407 5
1781249603510 0.009824102008065511 6
1781249610516 0.011275222828221876 7
1781249617646 0.010167027628699015 8
1781249624504 0.00827205874199091 9
1781249631572 0.0106167710104654 10
1781249638504 0.008358016263606936 11
1781249645563 0.008323065763296084 12
1781249652456 0.011188133511432382 13
1781249659358 0.010714979365814564 14
1781249666186 0.011042152726373006 15
1781249673198 0.007324355286221171 16
1781249680131 0.009059255206307699 17
1781249686966 0.007522136666053949 18
1781249693971 0.007661098657652389 19
1781249700880 0.006204265494679295 20
1781249707710 0.006317460952803146 21
1781249714706 0.007089838039043338 22
1781249721616 0.010442857825478841 23
1781249728442 0.00954849498216496 24
1781249735450 0.007729742416115694 25
1781249742520 0.006010037521983302 26
1781249749336 0.005938050358794456 27
1781249756354 0.006856126840724502 28
1781249763293 0.005578509250352549 29
1781249770131 0.0078511189582736 30
1781249777130 0.005499716414961704 31
1781249784085 0.005779761214588963 32
1781249790928 0.008588901092839796 33
1781249797919 0.007854460283767345 34
1781249804864 0.005416060256403546 35
1781249811706 0.006726095149683398 36
1781249818696 0.0064787386461745864 37
1781249825643 0.009097026531086412 38
1781249832487 0.00601540817770847 39
1781249839729 0.006071722784707713 40
1781249846660 0.0051361260026000265 41
1781249853512 0.005795600455860759 42
1781249860485 0.008927264185838921 43
1781249867430 0.005068736020908799 44
1781249874273 0.006732935822287271 45
1781249881273 0.005798650688903276 46
1781249885771 0.004877673678619917 47
