1781248193509 9.85831306441073 1
1781248200875 9.715332180565344 2
1781248208145 9.5744250321564 3
1781248215542 9.435561542585232 4
1781248222895 9.298712071471687 5
1781248230167 9.163847408327388 6
1781248237570 9.030938766320775 7
1781248244928 8.899957776132542 8
1781248252203 8.770876479900233 9
1781248259602 8.643667325250629 10
1781248266959 8.518303159418704 11
1781248274231 8.394757223451876 12
1781248281630 8.273003146498311 13
1781248288979 8.153014940178076 14
1781248296254 8.034766993035916 15
1781248303651 7.918234065074507 16
1781248311007 7.803391282366969 17
1781248318283 7.690214131747549 18
1781248325699 7.578678455579279 19
1781248333049 7.468760446597539 20
1781248340317 7.3604366428283985 21
1781248347728 7.25368392258067 22
1781248355079 7.148479499510581 23
1781248362350 7.044800917758041 24
1781248369757 6.942626047153438 25
1781248377114 6.841933078493963 26
1781248384391 6.742700518888441 27
1781248391795 6.64490718716967 28
1781248399142 6.548532209373317 29
1781248406417 6.45355501428237 30
1781248413820 6.359955329036213 31
1781248421207 6.267713174803395 32
1781248428491 6.176808862517151 33
1781248435917 6.08722298867277 34
1781248443304 5.998936431185928 35
1781248450583 5.911930345311081 36
1781248458082 5.8261861596190565 37
1781248465466 5.741685572032992 38
1781248472746 5.658410545921752 39
1781248480159 5.576343306250022 40
1781248487542 5.495466335784225 41
1781248494824 5.415762371353475 42
1781248502235 5.337214400164756 43
1781248509617 5.2598056561715465 44
1781248516896 5.183519616495111 45
1781248524298 5.108339997897691 46
1781248531670 5.034250753306856 47
1781248538964 4.961236068390259 48
1781248546378 4.889280358180072 49
1781248553753 4.818368263746372 50
1781248561045 4.7484846489187875 51
1781248568494 4.6796145970556875 52
1781248575869 4.611743407860217 53
1781248583146 4.544856594242536 54
1781248590543 4.478939879227545 55
1781248597913 4.413979192907468 56
1781248605182 4.349960669438638 57
1781248612587 4.286870644081833 58
1781248619959 4.224695650285539 59
1781248627261 4.163422416811523 60
1781248634691 4.103037864902085 61
1781248642145 4.043529105488401 62
1781248649431 3.9848834364393593 63
1781248656846 3.927088339850287 64
1781248664222 3.8701314793710067 65
1781248671511 3.814000697572651 66
1781248678914 3.7586840133526565 67
1781248686274 3.704169619377402 68
1781248693601 3.650445879561936 69
1781248701002 3.5975013265862588 70
1781248708439 3.5453246594476195 71
1781248715752 3.4939047410483286 72
1781248723151 3.4432305958185405 73
1781248730594 3.39329140737352 74
1781248737920 3.3440765162048933 75
1781248745386 3.2955754174053755 76
1781248752778 3.247777758426494 77
1781248760086 3.200673336868853 78
1781248767544 3.154252098304421 79
1781248774945 3.1085041341304214 80
1781248782250 3.0634196794543445 81
1781248789721 3.0189891110096294 82
1781248797120 2.9752029451015827 83
1781248804421 2.9320518355830854 84
1781248811849 2.88952657185966 85
1781248819259 2.847618076923471 86
1781248826567 2.8063174054158404 87
1781248833989 2.765615741717861 88
1781248841412 2.7255043980687055 89
1781248848731 2.685974812711229 90
1781248856172 2.647018548064459 91
1781248863589 2.6086272889225977 92
1781248870940 2.5707928406801446 93
1781248878372 2.5335071275827574 94
1781248885784 2.4967621910034876 95
1781248893096 2.460550187744007 96
1781248900542 2.424863388360486 97
1781248907943 2.3896941755137417 98
1781248915243 2.3550350423433195 99
1781248922669 2.3208785908651546 100
1781248930093 2.2872175303924758 101
1781248937401 2.254044675979607 102
1781248944848 2.2213529468883464 103
1781248952242 2.189135365076581 104
1781248959552 2.1573850537088264 105
1781248966989 2.1260952356883687 106
1781248974387 2.095259232210693 107
1781248981668 2.064870461337895 108
1781248989076 2.034922436593768 109
1781248996450 2.005408765579266 110
1781249003768 1.9763231486080477 111
1781249011160 1.947659377361809 112
1781249018522 1.9194113335651206 113
1781249025869 1.89157298767948 114
1781249033251 1.8641383976163133 115
1781249040634 1.837101707468633 116
1781249047944 1.8104571462610979 117
1781249055375 1.7841990267182002 118
1781249062746 1.7583217440503172 119
1781249070026 1.7328197747573686 120
1781249077433 1.7076876754498305 121
1781249084798 1.6829200816868415 122
1781249092080 1.6585117068311668 123
1781249099501 1.634457340920764 124
1781249106879 1.6107518495567201 125
1781249114180 1.5873901728073143 126
1781249121637 1.5643673241279759 127
1781249129006 1.5416783892969101 128
1781249136291 1.5193185253661556 129
1781249143721 1.49728295962786 130
1781249151099 1.4755669885955465 131
1781249158380 1.4541659770001534 132
1781249165809 1.4330753568006416 133
1781249173192 1.4122906262089432 134
1781249180511 1.3918073487290572 135
1781249187976 1.3716211522100812 136
1781249195386 1.3517277279129758 137
1781249202687 1.3321228295908647 138
1781249210163 1.3128022725826758 139
1781249217564 1.2937619329199261 140
1781249224858 1.2749977464464604 141
1781249232307 1.2565057079509587 142
1781249239753 1.2382818703120253 143
1781249247091 1.220322343655675 144
1781249254525 1.2026232945250424 145
1781249261943 1.1851809450621307 146
1781249269248 1.1679915722014278 147
1781249276733 1.1510515068752203 148
1781249284153 1.1343571332304312 149
1781249291472 1.1179048878568156 150
1781249298945 1.1016912590263541 151
1781249306346 1.0857127859436735 152
1781249313670 1.0699660580073416 153
1781249321105 1.054447714081874 154
1781249328545 1.039154441780303 155
1781249335863 1.0240829767571449 156
1781249343273 1.0092301020116317 157
1781249350792 0.9945926472010385 158
1781249358066 0.9801674879639771 159
1781249365486 0.9659515452535011 160
1781249373036 0.9519417846798834 161
1781249380380 0.9381352158629274 162
1781249387829 0.9245288917936701 163
1781249395254 0.911119908205345 164
1781249402550 0.8979054029534655 165
1781249409944 0.8848825554049022 166
1781249417390 0.8720485858358176 167
1781249424716 0.8594007548383367 168
1781249432135 0.8469363627358201 169
1781249439523 0.8346527490066185 170
1781249446814 0.8225472917161848 171
1781249454236 0.8106174069574239 172
1781249461633 0.7988605482991564 173
1781249468957 0.7872742062425857 174
1781249476397 0.775855907685644 175
1781249483922 0.7646032153951109 176
1781249491215 0.753513727486385 177
1781249498631 0.7425850769108036 178
1781249506051 0.7318149309503956 179
1781249513360 0.7212009907199641 180
1781249520781 0.7107409906763894 181
1781249528177 0.7004326981350499 182
1781249535497 0.6902739127932553 183
1781249543082 0.6802624662605933 184
1781249550517 0.6703962215960863 185
1781249557867 0.6606730728520628 186
1781249560146 0.6602242813933523 187
