1781248193507 0.9620763202046239 1
1781248200872 12.450855343840843 2
1781248208142 19.101583791333574 3
1781248215539 20.2703857421875 4
1781248222892 6.9720714480377906 5
1781248230165 9.924208530159884 6
1781248237567 13.185314089752907 7
1781248244926 18.43038727516352 8
1781248252201 25.673422170239824 9
1781248259599 21.21016107603561 10
1781248266956 12.635086414425873 11
1781248274228 17.921359749727472 12
1781248281627 11.805161587027616 13
1781248288976 7.337943853333939 14
1781248296251 5.601314810819404 15
1781248303649 6.911009322765262 16
1781248311005 4.472056544104288 17
1781248318281 7.209677053052325 18
1781248325696 10.32486387740734 19
1781248333047 5.313153289085211 20
1781248340315 2.8775395238122274 21
1781248347726 3.4878415839616643 22
1781248355077 3.4793846662654433 23
1781248362347 5.880159599836483 24
1781248369755 5.385539564975472 25
1781248377111 2.955119110817133 26
1781248384388 3.8443827074627546 27
1781248391792 2.9323001240575035 28
1781248399140 3.003113502679869 29
1781248406414 4.6636132528615555 30
1781248413817 2.3228388941565226 31
1781248421205 4.490161984465843 32
1781248428489 2.844144421954488 33
1781248435915 3.8388221208439317 34
1781248443302 2.69919284554415 35
1781248450581 3.161336854446766 36
1781248458080 3.3606038648028704 37
1781248465463 3.3026992442996 38
1781248472743 2.793421368266261 39
1781248480157 2.796590050985647 40
1781248487539 2.6511966794036157 41
1781248494822 2.1127409824105197 42
1781248502233 3.5850060041560683 43
1781248509615 2.399705398914426 44
1781248516893 2.459604307662609 45
1781248524295 3.561348138853561 46
1781248531667 1.8825790050417879 47
1781248538961 2.2807746709779253 48
1781248546375 3.0257075110147165 49
1781248553750 2.132141822992369 50
1781248561042 3.2964796909066134 51
1781248568491 1.6970019673192225 52
1781248575867 1.9226331489030706 53
1781248583143 1.7111307188521985 54
1781248590540 1.4505600153013718 55
1781248597911 1.2133384527162063 56
1781248605179 1.5528663812681687 57
1781248612585 1.1905236355094022 58
1781248619957 1.7063149740529615 59
1781248627258 1.2920461255450582 60
1781248634688 1.3135572034259175 61
1781248642143 1.1520885201387627 62
1781248649428 1.3205954085948854 63
1781248656844 1.8605117797851562 64
1781248664220 1.6244082783543787 65
1781248671508 1.8836680567541788 66
1781248678912 1.6883638958598293 67
1781248686272 1.1782804977062136 68
1781248693597 0.9714004161746003 69
1781248700999 0.800348769786746 70
1781248708437 0.9713841815327489 71
1781248715749 1.0734784325887992 72
1781248723148 1.2245940274970477 73
1781248730592 1.223176823105923 74
1781248737917 1.3736366449400437 75
1781248745384 1.3196545977925145 76
1781248752775 1.32941543224246 77
1781248760083 1.1898938556050145 78
1781248767541 1.0674030392668967 79
1781248774943 1.473041711851608 80
1781248782247 0.9470716077227925 81
1781248789719 1.478516423425009 82
1781248797117 1.8097596279410428 83
1781248804419 1.416458573452262 84
1781248811847 1.2409363680107648 85
1781248819256 1.7102402088253996 86
1781248826564 1.67558057918105 87
1781248833986 0.9500275545342024 88
1781248841409 0.9744784332985101 89
1781248848727 1.3275125193041424 90
1781248856170 1.8319102442541788 91
1781248863587 1.9088672371797784 92
1781248870937 1.6297312891760538 93
1781248878370 1.2816532046295877 94
1781248885782 1.5741923132608102 95
1781248893094 1.4465618577114372 96
1781248900539 2.7891272611396256 97
1781248907941 2.7783976710119913 98
1781248915240 1.5310951055482376 99
1781248922666 2.12495635276617 100
1781248930090 2.118872886480287 101
1781248937398 2.804743922033975 102
1781248944846 1.7456776818563773 103
1781248952240 1.7525631217069404 104
1781248959549 2.1767597642055776 105
1781248966987 2.586979710778525 106
1781248974385 1.948555170103561 107
1781248981665 1.7870304196379905 108
1781248989073 2.5263686069222384 109
1781248996448 1.4171956971634265 110
1781249003765 1.4549592483875364 111
1781249011158 1.4830743656602017 112
1781249018519 1.2681455390397893 113
1781249025866 1.300456912018532 114
1781249033249 1.8765288951785066 115
1781249040632 2.054657692132994 116
1781249047941 2.0156558724336846 117
1781249055373 1.351181385128997 118
1781249062744 1.2749402245809867 119
1781249070024 2.3586273193359375 120
1781249077430 2.3311013510060863 121
1781249084795 2.342514392941497 122
1781249092078 1.869016780409702 123
1781249099499 2.413664706917696 124
1781249106877 2.787105294161065 125
1781249114177 2.091757663460665 126
1781249121629 2.475342684013899 127
1781249129003 2.2980254417242008 128
1781249136289 2.65394805198492 129
1781249143719 2.971530470737191 130
1781249151097 4.145257284474927 131
1781249158377 4.730150444563045 132
1781249165806 3.998609321061955 133
1781249173190 3.6981446022211117 134
1781249180508 2.817986776662427 135
1781249187973 2.5365691074105197 136
1781249195384 2.389310437579488 137
1781249202684 2.674003423646439 138
1781249210160 3.0148617056913154 139
1781249217562 2.2835535448650983 140
1781249224856 2.2396435404932777 141
1781249232304 2.1986374965933866 142
1781249239751 2.152662942575854 143
1781249247088 2.058940798737282 144
1781249254522 2.060336623080941 145
1781249261940 2.6308675366778704 146
1781249269244 2.467910589173783 147
1781249276731 3.1675226965615915 148
1781249284150 3.210142268690952 149
1781249291468 2.018936334654342 150
1781249298942 1.9963008082190226 151
1781249306344 2.1120853867641713 152
1781249313666 2.594440371491188 153
1781249321102 2.937190211096475 154
1781249328541 2.3322086777797963 155
1781249335860 3.0079406028570133 156
1781249343270 2.6921425752861556 157
1781249350789 2.5921554565429688 158
1781249358064 2.4994146657544514 159
1781249365483 2.6470143517782523 160
1781249373034 1.7777472207712572 161
1781249380377 1.895715403002362 162
1781249387826 2.0462815040765805 163
1781249395251 2.4880296574082483 164
1781249402548 2.5870166157567223 165
1781249409942 2.2175048118413883 166
1781249417386 2.001257608103198 167
1781249424713 1.9756597474563953 168
1781249432132 1.9959534046261809 169
1781249439520 1.8825539877248365 170
1781249446811 2.336561868357104 171
1781249454234 1.99557920943859 172
1781249461631 2.166858584381813 173
1781249468955 1.8661454666492552 174
1781249476395 2.4915750193041424 175
1781249483919 2.5575942993164062 176
1781249491212 2.1631370367005816 177
1781249498628 2.0433276863985284 178
1781249506049 1.6948584623115008 179
1781249513358 1.879632639330487 180
1781249520779 1.9333994665811227 181
1781249528174 1.6002864394077034 182
1781249535494 1.7876042210778524 183
1781249543080 1.4846674896949945 184
1781249550515 1.7270231025163518 185
1781249557864 1.5835748716842297 186
1781249560144 1.5088052084279615 187
