1781248193508 85.60138081395348 1
1781248200873 85.61954941860465 2
1781248208143 85.57412790697676 3
1781248215540 85.546875 4
1781248222893 85.61046511627907 5
1781248230166 85.64680232558139 6
1781248237568 85.6922238372093 7
1781248244927 85.67405523255815 8
1781248252202 85.58321220930233 9
1781248259600 85.60138081395348 10
1781248266957 85.64680232558139 11
1781248274229 85.62863372093024 12
1781248281628 85.65588662790698 13
1781248288977 85.61046511627907 14
1781248296252 85.60138081395348 15
1781248303650 86.30995639534885 16
1781248311006 86.43713662790698 17
1781248318282 87.59084302325581 18
1781248325697 39.12609011627907 19
1781248333048 77.04396802325581 20
1781248340316 87.62718023255815 21
1781248347726 89.93459302325581 22
1781248355078 81.42260174418605 23
1781248362348 62.41824127906976 24
1781248369756 86.46438953488372 25
1781248377112 84.93822674418605 26
1781248384389 82.19476744186046 27
1781248391793 87.58175872093024 28
1781248399141 86.44622093023256 29
1781248406415 86.11918604651163 30
1781248413818 91.74236918604652 31
1781248421206 86.20094476744185 32
1781248428490 89.3077761627907 33
1781248435915 87.12754360465115 34
1781248443302 91.9422238372093 35
1781248450582 87.80886627906976 36
1781248458081 90.0436046511628 37
1781248465464 89.38953488372093 38
1781248472744 88.23582848837209 39
1781248480157 91.22456395348837 40
1781248487540 88.78997093023256 41
1781248494823 91.36991279069767 42
1781248502234 86.69149709302324 43
1781248509615 90.37063953488372 44
1781248516894 91.85138081395348 45
1781248524296 87.04578488372093 46
1781248531668 91.29723837209302 47
1781248538962 90.51598837209302 48
1781248546376 91.33357558139535 49
1781248553751 91.96947674418605 50
1781248561043 87.80886627906976 51
1781248568492 90.94295058139535 52
1781248575868 91.07921511627907 53
1781248583144 90.47056686046511 54
1781248590541 90.50690406976744 55
1781248597911 90.87936046511628 56
1781248605180 91.11555232558139 57
1781248612586 91.52434593023256 58
1781248619957 88.41751453488372 59
1781248627259 91.9967296511628 60
1781248634689 92.01489825581395 61
1781248642143 89.93459302325581 62
1781248649429 92.16024709302324 63
1781248656844 90.67042151162791 64
1781248664221 90.4796511627907 65
1781248671509 91.015625 66
1781248678913 88.82630813953489 67
1781248686273 93.39571220930233 68
1781248693598 91.95130813953489 69
1781248701000 93.56831395348837 70
1781248708438 93.45021802325581 71
1781248715750 90.59774709302324 72
1781248723149 88.99890988372093 73
1781248730593 90.98837209302324 74
1781248737918 89.47129360465115 75
1781248745385 89.17151162790698 76
1781248752776 88.14498546511628 77
1781248760084 89.48946220930233 78
1781248767542 90.47056686046511 79
1781248774944 86.83684593023256 80
1781248782248 90.8248546511628 81
1781248789720 85.57412790697676 82
1781248797118 84.04796511627907 83
1781248804420 85.24709302325581 84
1781248811848 88.06322674418605 85
1781248819257 85.64680232558139 86
1781248826565 84.67478197674419 87
1781248833987 92.66896802325581 88
1781248841410 92.89607558139535 89
1781248848728 87.2547238372093 90
1781248856171 86.1282703488372 91
1781248863587 80.76853197674419 92
1781248870938 82.89425872093024 93
1781248878370 86.56431686046511 94
1781248885782 85.45603197674419 95
1781248893095 85.82848837209302 96
1781248900540 77.52543604651163 97
1781248907942 76.88045058139535 98
1781248915241 83.26671511627907 99
1781248922667 78.86991279069767 100
1781248930091 81.3953488372093 101
1781248937399 76.98037790697676 102
1781248944847 80.44149709302324 103
1781248952240 80.43241279069767 104
1781248959550 78.81540697674419 105
1781248966987 76.94404069767442 106
1781248974386 82.58539244186046 107
1781248981666 80.77761627906976 108
1781248989074 76.98037790697676 109
1781248996449 85.44694767441861 110
1781249003766 81.12281976744185 111
1781249011158 82.14026162790698 112
1781249018520 86.70058139534885 113
1781249025867 84.92005813953489 114
1781249033250 79.59665697674419 115
1781249040633 76.79869186046511 116
1781249047942 79.70566860465115 117
1781249055374 86.24636627906976 118
1781249062745 85.65588662790698 119
1781249070025 76.46257267441861 120
1781249077431 76.12645348837209 121
1781249084796 79.66024709302324 122
1781249092079 82.05850290697676 123
1781249099500 79.53306686046511 124
1781249106878 77.07122093023256 125
1781249114178 81.62245639534885 126
1781249121635 77.96148255813954 127
1781249129004 75.40879360465115 128
1781249136289 76.12645348837209 129
1781249143720 72.78343023255815 130
1781249151098 65.45239825581395 131
1781249158378 67.7234738372093 132
1781249165807 72.42005813953489 133
1781249173191 68.72274709302324 134
1781249180509 71.82957848837209 135
1781249187974 73.46475290697676 136
1781249195385 72.89244186046511 137
1781249202685 72.17478197674419 138
1781249210161 75.04542151162791 139
1781249217563 79.60574127906976 140
1781249224856 77.96148255813954 141
1781249232305 79.4422238372093 142
1781249239752 79.22420058139535 143
1781249247089 79.89643895348837 144
1781249254523 80.95021802325581 145
1781249261941 73.57376453488372 146
1781249269245 73.70094476744185 147
1781249276732 71.88408430232558 148
1781249284151 70.33066860465115 149
1781249291470 77.17114825581395 150
1781249298944 76.96220930232558 151
1781249306345 75.67223837209302 152
1781249313668 71.65697674418605 153
1781249321103 69.84920058139535 154
1781249328543 77.96148255813954 155
1781249335861 71.3390261627907 156
1781249343271 76.04469476744185 157
1781249350790 76.89861918604652 158
1781249358064 76.05377906976744 159
1781249365484 76.32630813953489 160
1781249373035 82.89425872093024 161
1781249380378 80.46875 162
1781249387827 79.73292151162791 163
1781249395252 77.56177325581395 164
1781249402549 76.20821220930233 165
1781249409943 79.39680232558139 166
1781249417387 80.6686046511628 167
1781249424714 81.0592296511628 168
1781249432133 79.11518895348837 169
1781249439521 80.11446220930233 170
1781249446812 75.9720203488372 171
1781249454235 79.62390988372093 172
1781249461631 79.73292151162791 173
1781249468956 80.40515988372093 174
1781249476396 76.7623546511628 175
1781249483920 75.81758720930233 176
1781249491213 78.95167151162791 177
1781249498629 80.57776162790698 178
1781249506050 82.34920058139535 179
1781249513359 81.29542151162791 180
1781249520780 82.47638081395348 181
1781249528175 82.34011627906976 182
1781249535495 82.41279069767442 183
1781249543080 84.2296511627907 184
1781249550516 82.24927325581395 185
1781249557865 82.84883720930233 186
1781249560145 83.37572674418605 187
