1780706256839 8.418559439347305 1
1780706260241 7.023291783709919 2
1780706263729 5.859271747679383 3
1780706267171 4.888173020631514 4
1780706270572 4.078021383646073 5
1780706274066 3.4021419322277042 6
1780706277501 2.8382807832835533 7
1780706280905 2.3678723478422845 8
1780706284382 1.9754280438701732 9
1780706287827 1.648026322054359 10
1780706291235 1.3748872132355505 11
1780706294719 1.1470173891168394 12
1780706298262 0.9569140495824869 13
1780706301801 0.7983178868747552 14
1780706305266 0.666006992772487 15
