1780706256837 0.5701277732849122 1
1780706260239 1.1623218536376954 2
1780706263727 4.733421707153321 3
1780706267169 7.171565246582031 4
1780706270571 7.523386383056641 5
1780706274064 8.24029083251953 6
1780706277499 7.73634033203125 7
1780706280903 6.5999092102050785 8
1780706284380 4.553191375732422 9
1780706287825 2.949460983276367 10
1780706291233 1.7306390762329102 11
1780706294717 1.761104202270508 12
1780706298260 1.3522453308105469 13
1780706301799 0.7934600830078125 14
1780706305265 1.057517147064209 15
