1780924170251 98.6282703488372 1
1780924186404 98.5828488372093 2
1780924203058 99.32776162790698 3
1780924220070 99.70021802325581 4
1780924237005 99.54578488372093 5
1780924254018 99.63662790697676 6
1780924271044 99.76380813953489 7
1780924287732 99.70930232558139 8
1780924303931 99.72747093023256 9
1780924320437 99.66388081395348 10
1780924337277 99.59120639534885 11
1780924353872 99.83648255813954 12
1780924370139 99.84556686046511 13
1780924386278 99.72747093023256 14
1780924402617 99.88190406976744 15
1780924418794 99.82739825581395 16
1780924434989 99.79106104651163 17
1780924451134 99.63662790697676 18
1780924467261 99.62754360465115 19
1780924483412 99.51853197674419 20
1780924499492 99.77289244186046 21
1780924515565 99.90915697674419 22
1780924531850 99.7547238372093 23
1780924548120 99.50036337209302 24
1780924564238 99.37318313953489 25
1780924580425 99.84556686046511 26
1780924596555 99.609375 27
1780924612660 99.66388081395348 28
1780924628832 99.63662790697676 29
1780924645018 99.8001453488372 30
1780924661373 99.63662790697676 31
1780924677573 99.83648255813954 32
1780924693875 99.86373546511628 33
1780924710351 99.86373546511628 34
1780924726463 99.82739825581395 35
1780924742624 99.76380813953489 36
1780924758805 99.64571220930233 37
1780924774920 99.90007267441861 38
1780924791076 99.82739825581395 39
1780924807263 99.78197674418605 40
1780924823861 99.48219476744185 41
1780924840080 99.44585755813954 42
1780924857058 99.77289244186046 43
1780924873406 99.93640988372093 44
1780924889531 99.89098837209302 45
1780924905738 99.8546511627907 46
1780924915845 99.84556686046511 47
