1780924170253 0.6602242813933523 1
1780924186406 0.6602242813933523 2
1780924203059 0.6602242813933523 3
1780924220072 0.6602242813933523 4
1780924237007 0.6602242813933523 5
1780924254019 0.6602242813933523 6
1780924271046 0.6602242813933523 7
1780924287733 0.6602242813933523 8
1780924303932 0.6602242813933523 9
1780924320438 0.6602242813933523 10
1780924337278 0.6602242813933523 11
1780924353874 0.6602242813933523 12
1780924370140 0.6602242813933523 13
1780924386279 0.6602242813933523 14
1780924402618 0.6602242813933523 15
1780924418795 0.6602242813933523 16
1780924434991 0.6602242813933523 17
1780924451136 0.6602242813933523 18
1780924467263 0.6602242813933523 19
1780924483414 0.6602242813933523 20
1780924499493 0.6602242813933523 21
1780924515566 0.6602242813933523 22
1780924531851 0.6602242813933523 23
1780924548121 0.6602242813933523 24
1780924564239 0.6602242813933523 25
1780924580426 0.6602242813933523 26
1780924596556 0.6602242813933523 27
1780924612661 0.6602242813933523 28
1780924628834 0.6602242813933523 29
1780924645019 0.6602242813933523 30
1780924661374 0.6602242813933523 31
1780924677574 0.6602242813933523 32
1780924693876 0.6602242813933523 33
1780924710352 0.6602242813933523 34
1780924726465 0.6602242813933523 35
1780924742625 0.6602242813933523 36
1780924758807 0.6602242813933523 37
1780924774921 0.6602242813933523 38
1780924791077 0.6602242813933523 39
1780924807264 0.6602242813933523 40
1780924823862 0.6602242813933523 41
1780924840081 0.6602242813933523 42
1780924857059 0.6602242813933523 43
1780924873408 0.6602242813933523 44
1780924889532 0.6602242813933523 45
1780924905739 0.6602242813933523 46
1780924915846 0.6602242813933523 47
