1780889091851 99.09986413043478 1
1780889099460 99.0319293478261 2
1780889106829 98.87058423913044 3
1780889114635 99.00645380434783 4
1780889121991 99.24422554347827 5
1780889129515 99.19327445652173 6
1780889137215 99.58389945652173 7
1780889144576 99.65183423913044 8
1780889152195 99.83865489130434 9
1780889159666 99.56691576086956 10
1780889167053 99.72826086956522 11
1780889174467 99.67730978260869 12
1780889181840 99.64334239130434 13
1780889189343 99.38858695652173 14
1780889196739 99.39707880434783 15
1780889204141 99.57540760869566 16
1780889211702 99.85563858695652 17
1780889218991 99.75373641304348 18
1780889226349 99.53294836956522 19
1780889233799 99.58389945652173 20
1780889241198 99.84714673913044 21
1780889248499 99.71976902173914 22
1780889255855 99.7961956521739 23
1780889263579 99.82167119565217 24
1780889270874 99.70278532608695 25
1780889278360 99.65183423913044 26
1780889285764 99.71976902173914 27
1780889293161 99.64334239130434 28
1780889300570 99.73675271739131 29
1780889307874 99.70278532608695 30
1780889315232 99.78770380434783 31
1780889322697 99.74524456521739 32
1780889330104 99.59239130434783 33
1780889337405 99.83865489130434 34
1780889344758 99.70278532608695 35
1780889352223 99.8131793478261 36
1780889359619 99.19327445652173 37
1780889367020 99.73675271739131 38
1780889374321 99.64334239130434 39
1780889381818 99.72826086956522 40
1780889389211 99.83865489130434 41
1780889396602 99.90658967391305 42
1780889404001 99.70278532608695 43
1780889408610 99.88111413043478 44
