1780887713283 9.848269726542963 1
1780887721156 9.69554691708051 2
1780887728940 9.545192468475113 3
1780887736869 9.397169653186413 4
1780887744747 9.251442313229232 5
1780887752536 9.107974851341167 6
1780887760454 8.966732222287131 7
1780887768329 8.82767992429875 8
1780887776123 8.690783990646509 9
1780887784039 8.556010981342592 10
1780887791917 8.423327974972404 11
1780887799705 8.29270256065274 12
1780887807617 8.1641028301147 13
1780887815494 8.03749736990934 14
1780887823283 7.912855253734224 15
1780887831199 7.790146034878961 16
1780887839074 7.669339738787887 17
1780887846859 7.550406855738096 18
1780887854790 7.433318333631008 19
1780887862669 7.3180455708957215 20
1780887870456 7.204560409502424 21
1780887878382 7.092835128084141 22
1780887886239 6.982842435165154 23
1780887894025 6.87455546249443 24
1780887901955 6.767947758482434 25
1780887909839 6.662993281739706 26
1780887917622 6.55966639471567 27
1780887925547 6.457941857436056 28
1780887933429 6.357794821337459 29
1780887941213 6.25920082319751 30
1780887949128 6.162135779159161 31
1780887957001 6.066575978847656 32
1780887964777 5.972498079578718 33
1780887972756 5.879879100656563 34
1780887980638 5.788696417760341 35
1780887988513 5.698927757417613 36
1780887996389 5.610551191563552 37
1780888004277 5.523545132184502 38
1780888012156 5.437888326044607 39
1780888020031 5.353559849494226 40
1780888027914 5.270539103358837 41
1780888035788 5.188805807907229 42
1780888043674 5.108339997897691 43
1780888051553 5.029122017701059 44
1780888059434 4.95113251649937 45
1780888067314 4.87435244355897 46
1780888075200 4.7987630435769475 47
1780888083080 4.724345852099707 48
1780888090956 4.651082691012603 49
1780888098837 4.5789556640995235 50
1780888106724 4.507947152671316 51
1780888114597 4.4380398112620245 52
1780888122468 4.369216563391855 53
1780888130349 4.301460597395853 54
1780888138246 4.234755362317271 55
1780888146170 4.1690845638646055 56
1780888154115 4.104432160431353 57
1780888162040 4.0407823591774665 58
1780888169978 3.978119612171599 59
1780888177914 3.9164286125931587 60
1780888185856 3.8556942909932634 61
1780888193797 3.7959018116136867 62
1780888201738 3.7370365687628744 63
1780888209670 3.679084183248171 64
1780888217631 3.622030498863374 65
1780888225578 3.5658615789307464 66
1780888233520 3.5105637028966696 67
1780888241491 3.456123362980077 68
1780888249427 3.4025272608728665 69
1780888257253 3.349762304491488 70
1780888265208 3.297815604778893 71
1780888273186 3.2466744725560917 72
1780888280976 3.196326415422521 73
1780888288953 3.146759134704496 74
1780888296886 3.09796052245097 75
1780888304740 3.0499186584758893 76
1780888312697 3.002621807446414 77
1780888320639 2.9560584160162904 78
1780888328462 2.910217110003685 79
1780888336422 2.8650866916127704 80
1780888344357 2.8206561366984104 81
1780888352186 2.776914592073261 82
1780888360152 2.7338513728566216 83
1780888368085 2.691455959864414 84
1780888375948 2.649717997039623 85
1780888383934 2.6086272889225977 86
1780888391873 2.5681737981605677 87
1780888399711 2.528347643055795 88
1780888407665 2.489139095151736 89
1780888415608 2.4505385768566454 90
1780888423453 2.4125366591040294 91
1780888431404 2.375124059049373 92
1780888439347 2.338291637802598 93
1780888447193 2.302030398195676 94
1780888455145 2.2663314825848597 95
1780888463085 2.2311861706870033 96
1780888470932 2.196585877449431 97
1780888478919 2.1625221509528396 98
1780888486878 2.1289866703467206 99
1780888494719 2.0959712438168054 100
1780888502688 2.063467806584022 101
1780888510663 2.0314684189344856 102
1780888518604 1.9999652642800456 103
1780888526446 1.9689506472488985 104
1780888534402 1.93841699180582 105
1780888542359 1.9083568394015393 106
1780888550347 1.8787628471508213 107
1780888558332 1.8496277860387949 108
1780888566204 1.8209445391550985 109
1780888574077 1.7927060999554136 110
1780888582076 1.7649055705499526 111
1780888590031 1.7375361600184909 112
1780888597977 1.7105911827515268 113
1780888605835 1.6840640568171705 114
1780888613691 1.6579483023533519 115
1780888621573 1.6322375399849665 116
1780888629447 1.6069254892655662 117
1780888637410 1.5820059671432158 118
1780888645388 1.5574728864501375 119
1780888653260 1.5333202544157831 120
1780888661122 1.5095421712029602 121
1780888669110 1.4861328284666608 122
1780888677069 1.4630865079352384 123
1780888684933 1.4403975800135904 124
1780888692818 1.4180605024079984 125
1780888700694 1.3960698187722942 126
1780888708653 1.3744201573750239 127
1780888716504 1.3531062297872767 128
1780888724485 1.3321228295908647 129
1780888732338 1.3114648311065351 130
1780888740311 1.2911271881419064 131
1780888748263 1.2711049327588173 132
1780888756121 1.2513931740597941 133
1780888764009 1.2319870969933369 134
1780888771898 1.2128819611777322 135
1780888779785 1.1940730997431035 136
1780888787794 1.1755559181914235 137
1780888795836 1.1573258932742008 138
1780888803753 1.1393785718875715 139
1780888811791 1.1217095699845263 140
1780888819783 1.1043145715040072 141
1780888827679 1.0871893273166084 142
1780888835705 1.0703296541866287 143
1780888843703 1.053731433750221 144
1780888851620 1.0373906115093865 145
1780888859648 1.0213031958415684 146
1780888867646 1.0054652570246083 147
1780888875732 0.9898729262768201 148
1780888883659 0.9745223948119512 149
1780888891636 0.9594099129087972 150
1780888899513 0.944531788995248 151
1780888907511 0.9298843887465359 152
1780888915500 0.9154641341974661 153
1780888923377 0.9012675028684185 154
1780888931425 0.8872910269049001 155
1780888939413 0.8735312922304407 156
1780888947302 0.8599849377126272 157
1780888955303 0.846648654342069 158
1780888963282 0.8335191844240964 159
1780888971186 0.8205933207829931 160
1780888979160 0.8078679059785697 161
1780888987178 0.7953398315348872 162
1780888995083 0.7830060371809382 163
1780889003091 0.7708635101031067 164
1780889011089 0.7589092842092183 165
1780889018999 0.7471404394040047 166
1780889027048 0.7355541008758003 167
1780889035080 0.7241474383943072 168
1780889042968 0.7129176656192435 169
1780889051018 0.7018620394197156 170
1780889059014 0.6909778592041466 171
1780889067014 0.6802624662605933 172
1780889074915 0.6697132431072949 173
1780889082300 0.6602242813933523 174
