1780887713280 9.528239374575408 1
1780887721154 65.91346807065217 2
1780887728938 131.00468113111413 3
1780887736866 70.06245223335598 4
1780887744745 108.36128566576087 5
1780887752534 77.75264308763587 6
1780887760451 105.29805324388587 7
1780887768326 147.4076617697011 8
1780887776120 159.32097061820653 9
1780887784037 157.71152131453803 10
1780887791915 98.26187797214673 11
1780887799702 58.701416015625 12
1780887807615 44.05787725033967 13
1780887815491 438.1894106657609 14
1780887823280 81.41972550101902 15
1780887831196 106.02342688519022 16
1780887839071 125.44149116847827 17
1780887846856 181.01369310461956 18
1780887854787 94.48197605298913 19
1780887862666 911.9904891304348 20
1780887870453 39.13956882642663 21
1780887878379 49.62207561990489 22
1780887886237 101.53711998980978 23
1780887894022 137.4126613451087 24
1780887901952 39.221923828125 25
1780887909836 98.79478388247283 26
1780887917619 40.166196076766305 27
1780887925545 38.46176545516305 28
1780887933427 150.6341393512228 29
1780887941211 63.907295558763586 30
1780887949125 64.55935270889945 31
1780887956998 47.60356339164402 32
1780887964774 47.26425568953805 33
1780887972754 45.44519573709239 34
1780887980636 180.03880774456522 35
1780887988511 102.05046280570652 36
1780887996386 182.1759723165761 37
1780888004274 48.69698963994565 38
1780888012153 198.93745754076087 39
1780888020029 17.31818157693614 40
1780888027912 39.154177458389945 41
1780888035786 40.203987453294836 42
1780888043671 42.63939368206522 43
1780888051551 30.757284413213316 44
1780888059432 91.14328931725544 45
1780888067311 37.02567722486413 46
1780888075198 79.90554411514945 47
1780888083078 19.312872845193613 48
1780888090953 36.00468378481658 49
1780888098835 23.01256793478261 50
1780888106721 25.771349036175273 51
1780888114594 15.86989162279212 52
1780888122466 16.95687600840693 53
1780888130346 13.468110457710598 54
1780888138243 11.573760986328125 55
1780888146168 15.19585252844769 56
1780888154111 19.574291726817254 57
1780888162037 65.87430472995923 58
1780888169975 15.941578740658967 59
1780888177912 14.367042873216713 60
1780888185853 37.199282438858695 61
1780888193794 14.983588177224863 62
1780888201735 12.473229449728262 63
1780888209667 8.731351769488791 64
1780888217629 25.07788616677989 65
1780888225575 12.974645199983016 66
1780888233518 11.325278904127037 67
1780888241488 14.03069537618886 68
1780888249425 12.145092508067256 69
1780888257251 14.92333984375 70
1780888265206 32.88346265709919 71
1780888273183 23.373978324558426 72
1780888280973 13.555321734884512 73
1780888288950 11.877998683763588 74
1780888296883 20.542256230893344 75
1780888304736 24.16944420855978 76
1780888312694 8.95434105914572 77
1780888320636 11.235843824303668 78
1780888328459 13.314352284307065 79
1780888336419 10.218285602072012 80
1780888344355 18.957104226817254 81
1780888352183 38.3580667246943 82
1780888360149 46.79844599184783 83
1780888368083 50.35887610394022 84
1780888375945 37.65386432150136 85
1780888383932 37.36855681046195 86
1780888391870 46.18746284816576 87
1780888399708 27.61860192340353 88
1780888407662 54.82188879925272 89
1780888415605 63.574165675951086 90
1780888423450 32.74793807319973 91
1780888431401 18.559056821076766 92
1780888439344 17.516389266304348 93
1780888447190 13.378306513247283 94
1780888455142 7.659649392832881 95
1780888463083 6.195316480553669 96
1780888470929 6.780097629712976 97
1780888478916 6.001500668733017 98
1780888486875 6.506080295728601 99
1780888494716 6.580423106317935 100
1780888502685 4.892150547193444 101
1780888510661 3.6788406372070312 102
1780888518602 6.208598261294157 103
1780888526443 4.968034163765285 104
1780888534399 4.001638329547385 105
1780888542357 4.372002643087636 106
1780888550345 3.7202911376953125 107
1780888558329 3.448105190111243 108
1780888566201 3.0806549735691235 109
1780888574074 3.1739813763162363 110
1780888582073 3.286361030910326 111
1780888590028 4.8603077764096465 112
1780888597974 2.738855279010275 113
1780888605833 2.716978985330333 114
1780888613688 1.4190148063327954 115
1780888621570 1.656057772429093 116
1780888629444 1.4272419473399287 117
1780888637407 1.657881031865659 118
1780888645385 1.2805471834929094 119
1780888653257 3.163071010423743 120
1780888661119 4.064215286918309 121
1780888669108 2.8926511018172554 122
1780888677067 2.179779052734375 123
1780888684930 1.9273970230765964 124
1780888692815 2.281812916631284 125
1780888700691 1.7608489990234375 126
1780888708650 2.3491703531016475 127
1780888716501 1.6771095939304517 128
1780888724482 1.393560326617697 129
1780888732336 1.626594709313434 130
1780888740309 1.783537491508152 131
1780888748260 1.4392973858377207 132
1780888756119 1.7993938611901326 133
1780888764006 1.4658617766007134 134
1780888771895 2.0403716045877207 135
1780888779782 1.3474955351456352 136
1780888787792 1.3720342387323794 137
1780888795833 1.664940709653108 138
1780888803748 2.036093338676121 139
1780888811782 1.7857321034307065 140
1780888819781 2.420365043308424 141
1780888827676 2.074978206468665 142
1780888835702 1.3291759490966797 143
1780888843700 1.4545530236285666 144
1780888851616 2.1698432590650474 145
1780888859646 1.5113410949707031 146
1780888867642 1.9979390683381453 147
1780888875729 1.989096102507218 148
1780888883657 2.19694651728091 149
1780888891634 2.241181249203889 150
1780888899510 2.610615108324134 151
1780888907508 2.423838242240574 152
1780888915498 1.849289437998896 153
1780888923375 2.8534811268682065 154
1780888931422 2.2907076296599014 155
1780888939410 2.5069971499235733 156
1780888947299 2.6165416551672895 157
1780888955299 1.970945938773777 158
1780888963279 2.4885656937308935 159
1780888971183 3.191458328910496 160
1780888979157 3.342165739639946 161
1780888987176 3.7658290033755093 162
1780888995081 4.466358350670856 163
1780889003088 3.3341114210045855 164
1780889011086 3.9662595002547554 165
1780889018996 3.1233951734459917 166
1780889027045 2.510487929634426 167
1780889035077 3.6530688741932744 168
1780889042964 3.2223268591839336 169
1780889051010 4.536858600118886 170
1780889059011 4.638625766920007 171
1780889067012 2.823658155358356 172
1780889074912 2.614071389903193 173
1780889082296 4.546036098314368 174
