1780887713281 69.140625 1
1780887721155 69.1491168478261 2
1780887728939 69.09816576086956 3
1780887736867 69.140625 4
1780887744745 69.08118206521739 5
1780887752535 21.025815217391305 6
1780887760452 69.12364130434783 7
1780887768327 69.08118206521739 8
1780887776121 69.10665760869566 9
1780887784038 69.09816576086956 10
1780887791916 69.12364130434783 11
1780887799703 36.19225543478261 12
1780887807616 32.549252717391305 13
1780887815492 69.05570652173914 14
1780887823281 30.672554347826086 15
1780887831197 27.955163043478258 16
1780887839072 69.08967391304348 17
1780887846857 69.12364130434783 18
1780887854788 69.18308423913044 19
1780887862667 20.991847826086957 20
1780887870454 69.11514945652173 21
1780887878380 69.85394021739131 22
1780887886238 69.15760869565217 23
1780887894023 69.11514945652173 24
1780887901953 70.15964673913044 25
1780887909837 69.26800271739131 26
1780887917620 69.56521739130434 27
1780887925546 61.124320652173914 28
1780887933428 29.01664402173913 29
1780887941212 69.23403532608695 30
1780887949126 35.86107336956522 31
1780887956999 70.08322010869566 32
1780887964775 50.87466032608695 33
1780887972755 70.09171195652173 34
1780887980636 26.095448369565215 35
1780887988512 33.65319293478261 36
1780887996387 25.577445652173914 37
1780888004275 36.47248641304348 38
1780888012154 21.54381793478261 39
1780888020029 85.45346467391305 40
1780888027912 54.695991847826086 41
1780888035786 70.84748641304348 42
1780888043672 50.229279891304344 43
1780888051552 76.44361413043478 44
1780888059433 69.10665760869566 45
1780888067312 50.008491847826086 46
1780888075199 34.51086956521739 47
1780888083079 82.25203804347827 48
1780888090954 45.049252717391305 49
1780888098836 70.68614130434783 50
1780888106722 72.17221467391305 51
1780888114595 79.13552989130434 52
1780888122467 86.47248641304348 53
1780888130347 84.53634510869566 54
1780888138244 83.85699728260869 55
1780888146169 86.3196331521739 56
1780888154112 85.1647418478261 57
1780888162038 34.39198369565217 58
1780888169976 80.44327445652173 59
1780888177912 83.33899456521739 60
1780888185854 47.74966032608695 61
1780888193795 86.50645380434783 62
1780888201736 85.69123641304348 63
1780888209668 86.35360054347827 64
1780888217630 71.43342391304348 65
1780888225576 85.51290760869566 66
1780888233519 82.11616847826086 67
1780888241489 81.40285326086956 68
1780888249425 84.73165760869566 69
1780888257252 79.2883831521739 70
1780888265207 70.87296195652173 71
1780888273184 74.98301630434783 72
1780888280974 79.67051630434783 73
1780888288951 79.44972826086956 74
1780888296884 75.01698369565217 75
1780888304738 70.59273097826086 76
1780888312695 84.02683423913044 77
1780888320637 78.67697010869566 78
1780888328460 76.42663043478261 79
1780888336420 80.75747282608695 80
1780888344356 71.04279891304348 81
1780888352184 40.20889945652174 82
1780888360150 69.77751358695652 83
1780888368084 69.69259510869566 84
1780888375946 70.74558423913044 85
1780888383933 69.93885869565217 86
1780888391871 69.30197010869566 87
1780888399709 71.41644021739131 88
1780888407663 37.16032608695652 89
1780888415606 36.18376358695652 90
1780888423451 67.88383152173914 91
1780888431402 80.13756793478261 92
1780888439345 80.2734375 93
1780888447191 85.76766304347827 94
1780888455143 86.3196331521739 95
1780888463084 85.5383831521739 96
1780888470930 84.90998641304348 97
1780888478917 85.19021739130434 98
1780888486876 86.17527173913044 99
1780888494717 85.97146739130434 100
1780888502687 86.93953804347827 101
1780888510662 87.27921195652173 102
1780888518603 86.48097826086956 103
1780888526444 86.11582880434783 104
1780888534400 86.79517663043478 105
1780888542357 87.52547554347827 106
1780888550345 87.09239130434783 107
1780888558330 87.36413043478261 108
1780888566202 86.83763586956522 109
1780888574074 85.30910326086956 110
1780888582074 86.75271739130434 111
1780888590029 85.76766304347827 112
1780888597975 86.59986413043478 113
1780888605834 86.43851902173914 114
1780888613689 88.39164402173914 115
1780888621571 88.4850543478261 116
1780888629445 89.0625 117
1780888637408 89.04551630434783 118
1780888645386 89.39368206521739 119
1780888653258 81.30095108695652 120
1780888661120 80.52819293478261 121
1780888669108 82.93138586956522 122
1780888677068 84.20516304347827 123
1780888684931 85.71671195652173 124
1780888692816 83.61073369565217 125
1780888700692 85.64877717391305 126
1780888708651 81.76800271739131 127
1780888716502 86.5234375 128
1780888724483 88.65489130434783 129
1780888732337 87.8821331521739 130
1780888740309 85.28362771739131 131
1780888748261 85.92051630434783 132
1780888756120 84.86752717391305 133
1780888764007 86.89707880434783 134
1780888771896 83.57676630434783 135
1780888779783 79.89979619565217 136
1780888787792 87.03294836956522 137
1780888795834 85.64877717391305 138
1780888803750 84.02683423913044 139
1780888811788 85.00339673913044 140
1780888819782 82.05672554347827 141
1780888827677 84.35801630434783 142
1780888835703 88.17085597826086 143
1780888843701 87.61039402173914 144
1780888851617 83.64470108695652 145
1780888859647 86.25169836956522 146
1780888867643 84.05230978260869 147
1780888875730 82.97384510869566 148
1780888883658 83.08423913043478 149
1780888891635 77.98063858695652 150
1780888899511 82.35394021739131 151
1780888907509 81.74252717391305 152
1780888915499 81.50475543478261 153
1780888923375 70.1086956521739 154
1780888931423 80.56216032608695 155
1780888939411 78.25237771739131 156
1780888947300 72.52038043478261 157
1780888955300 76.61345108695652 158
1780888963280 79.24592391304348 159
1780888971184 70.80502717391305 160
1780888979158 70.55876358695652 161
1780888987176 65.69293478260869 162
1780888995082 64.98811141304348 163
1780889003089 69.65013586956522 164
1780889011087 65.34476902173914 165
1780889018997 70.66066576086956 166
1780889027046 73.73471467391305 167
1780889035078 66.26188858695652 168
1780889042965 67.59510869565217 169
1780889051016 61.905570652173914 170
1780889059012 60.555366847826086 171
1780889067013 70.41440217391305 172
1780889074913 78.20991847826086 173
1780889082297 64.68240489130434 174
