1780893520960 0.029565900564193726 1
1780893528746 0.020700997362534206 2
1780893536536 0.015459659198919931 3
1780893544143 0.018195377041896183 4
1780893551804 0.019361243893702824 5
1780893559467 0.019635627667109173 6
1780893567146 0.01924307520190875 7
1780893574818 0.017193047950665157 8
1780893582477 0.014295654992262522 9
1780893590152 0.013328815499941507 10
1780893597812 0.02111495037873586 11
1780893605485 0.01384087527791659 12
1780893613140 0.015619893868764242 13
1780893620810 0.01387262965242068 14
1780893628477 0.016622507323821385 15
1780893636144 0.010861869901418686 16
1780893643806 0.015319051841894785 17
1780893651480 0.01493930940826734 18
1780893659137 0.012034337967634201 19
1780893666806 0.013625955830017725 20
1780893674479 0.012642013529936472 21
1780893682367 0.01055131604274114 22
1780893689967 0.012437271575133005 23
1780893697636 0.012271749476591745 24
1780893705284 0.012069356938203176 25
1780893712965 0.011514379332462946 26
1780893720620 0.010976886997620264 27
1780893728287 0.01127665489912033 28
1780893735947 0.010437181840340296 29
1780893743619 0.007892356564601263 30
1780893751282 0.009858614454666773 31
1780893758954 0.00888064814110597 32
1780893766845 0.008591985329985619 33
1780893774446 0.007580995559692383 34
1780893782120 0.0137893445789814 35
1780893789786 0.008965248862902323 36
1780893797439 0.020299610992272694 37
1780893805109 0.010612942278385162 38
1780893812768 0.009855788201093674 39
1780893820450 0.01541607454419136 40
1780893828103 0.009154046575228373 41
1780893834005 0.01755403478940328 42
