1780893520961 0.6602242813933523 1
1780893528748 0.6602242813933523 2
1780893536538 0.6602242813933523 3
1780893544145 0.6602242813933523 4
1780893551807 0.6602242813933523 5
1780893559470 0.6602242813933523 6
1780893567149 0.6602242813933523 7
1780893574821 0.6602242813933523 8
1780893582479 0.6602242813933523 9
1780893590155 0.6602242813933523 10
1780893597814 0.6602242813933523 11
1780893605487 0.6602242813933523 12
1780893613142 0.6602242813933523 13
1780893620813 0.6602242813933523 14
1780893628479 0.6602242813933523 15
1780893636146 0.6602242813933523 16
1780893643808 0.6602242813933523 17
1780893651483 0.6602242813933523 18
1780893659139 0.6602242813933523 19
1780893666808 0.6602242813933523 20
1780893674481 0.6602242813933523 21
1780893682369 0.6602242813933523 22
1780893689969 0.6602242813933523 23
1780893697639 0.6602242813933523 24
1780893705286 0.6602242813933523 25
1780893712968 0.6602242813933523 26
1780893720622 0.6602242813933523 27
1780893728290 0.6602242813933523 28
1780893735950 0.6602242813933523 29
1780893743622 0.6602242813933523 30
1780893751284 0.6602242813933523 31
1780893758956 0.6602242813933523 32
1780893766848 0.6602242813933523 33
1780893774448 0.6602242813933523 34
1780893782123 0.6602242813933523 35
1780893789789 0.6602242813933523 36
1780893797441 0.6602242813933523 37
1780893805112 0.6602242813933523 38
1780893812770 0.6602242813933523 39
1780893820453 0.6602242813933523 40
1780893828106 0.6602242813933523 41
1780893834007 0.6602242813933523 42
