1780893520960 99.0966796875 1
1780893528747 99.35709635416666 2
1780893536536 99.65006510416666 3
1780893544144 99.59309895833334 4
1780893551805 99.06412760416666 5
1780893559468 99.0966796875 6
1780893567147 99.25130208333334 7
1780893574819 99.30013020833334 8
1780893582478 99.54427083333334 9
1780893590153 99.54427083333334 10
1780893597813 99.45475260416666 11
1780893605486 99.7314453125 12
1780893613141 99.5849609375 13
1780893620811 99.59309895833334 14
1780893628478 99.15364583333334 15
1780893636145 99.64192708333334 16
1780893643807 99.365234375 17
1780893651481 99.560546875 18
1780893659138 99.71516927083334 19
1780893666807 99.67447916666666 20
1780893674479 99.51985677083334 21
1780893682368 99.84537760416666 22
1780893689968 99.64192708333334 23
1780893697637 99.42220052083334 24
1780893705284 99.47916666666666 25
1780893712966 99.62565104166666 26
1780893720620 99.5849609375 27
1780893728288 99.6337890625 28
1780893735948 99.66634114583334 29
1780893743620 99.86979166666666 30
1780893751283 99.69075520833334 31
1780893758955 99.755859375 32
1780893766846 99.81282552083334 33
1780893774447 99.76399739583334 34
1780893782121 99.33268229166666 35
1780893789787 99.69889322916666 36
1780893797439 99.03157552083334 37
1780893805110 99.609375 38
1780893812769 99.560546875 39
1780893820451 99.27571614583334 40
1780893828104 99.7314453125 41
1780893834006 99.2431640625 42
