1780892151682 9.841579852961056 1
1780892159858 9.682379131307965 2
1780892168043 9.525753694330053 3
1780892176239 9.371661883352097 4
1780892184437 9.220062713583685 5
1780892192651 9.070915863218229 6
1780892200863 8.924181662708305 7
1780892209064 8.7798210842145 8
1780892217272 8.637795731224916 9
1780892225489 8.49806782834261 10
1780892233690 8.360600211238228 11
1780892241897 8.225356316765163 12
1780892250107 8.092300173234626 13
1780892258318 7.961396390848025 14
1780892266531 7.832610152284104 15
1780892274734 7.705907203438368 16
1780892282938 7.581253844312289 17
1780892291156 7.458616920049906 18
1780892299368 7.33796381211941 19
1780892307575 7.219262429637389 20
1780892315778 7.102481200833407 21
1780892324006 6.987589064652651 22
1780892332211 6.87455546249443 23
1780892340420 6.76335033008431 24
1780892348625 6.653944089477713 25
1780892356852 6.546307641192893 26
1780892365086 6.440412356471153 27
1780892373306 6.336230069662273 28
1780892381519 6.233733070733107 29
1780892389723 6.132894097897373 30
1780892397946 6.033686330364655 31
1780892406156 5.936083381206708 32
1780892414508 5.840059290339154 33
1780892422711 5.745588517616714 34
1780892430922 5.6526459360401295 35
1780892439125 5.5612068250729765 36
1780892447329 5.471246864066581 37
1780892455542 5.382742125791299 38
1780892463740 5.2956690700724405 39
1780892471949 5.210004537529139 40
1780892480169 5.125725743414496 41
1780892488376 5.042810271555384 42
1780892496576 4.961236068390259 43
1780892504780 4.880981437103451 44
1780892512989 4.802025031854306 45
1780892521209 4.724345852099707 46
1780892529437 4.647923237008414 47
1780892537645 4.572736859965781 48
1780892545863 4.498766723167348 49
1780892554073 4.425993152299895 50
1780892562301 4.354396791308547 51
1780892570532 4.2839585972485095 52
1780892578751 4.214659835220101 53
1780892586978 4.146482073385709 54
1780892595203 4.079407178067353 55
1780892603430 4.0134173089235565 56
1780892611653 3.9484949142042374 57
1780892619882 3.8846227260823536 58
1780892628117 3.821783756061068 59
1780892636343 3.7599612904552107 60
1780892644560 3.6991388859458314 61
1780892652781 3.6393003652066636 62
1780892661022 3.580429812601338 63
1780892669244 3.5225115699501974 64
1780892677469 3.465530232365591 65
1780892685720 3.409470644154537 66
1780892693843 3.354317894787664 67
1780892702002 3.3000573149333627 68
1780892710158 3.2466744725560917 69
1780892718308 3.19415516907779 70
1780892726500 3.142485435601397 71
1780892734635 3.091651529195451 72
1780892742900 3.0416399292387926 73
1780892751013 2.992437333824401 74
1780892759294 2.9440306562213974 75
1780892767533 2.896407021394287 76
1780892775757 2.8495537625784975 77
1780892783980 2.8034584179113207 78
1780892792098 2.7581087271173543 79
1780892800381 2.7134926282475513 80
1780892808607 2.6695982544710306 81
1780892816829 2.6264139309187757 82
1780892825055 2.5839281715783997 83
1780892833280 2.5421296762391314 84
1780892841398 2.5010073274862283 85
1780892849659 2.460550187744007 86
1780892857881 2.4207474963667037 87
1780892866011 2.381588666776398 88
1780892874272 2.34306328364723 89
1780892882493 2.305161100135172 90
1780892890733 2.2678720351526085 91
1780892898963 2.2311861706870033 92
1780892907191 2.1950937491629436 93
1780892915415 2.159585170846853 94
1780892923533 2.1246509912936897 95
1780892931688 2.090281918834948 96
1780892939832 2.056468812107291 97
1780892948111 2.0232026776211645 98
1780892956366 1.990474667368741 99
1780892964493 1.9582760764705573 100
1780892972762 1.9265983408602227 101
1780892980884 1.8954330350065791 102
1780892989037 1.8647718696727058 103
1780892997194 1.834606689711182 104
1780893005345 1.8049294718950066 105
1780893013499 1.7757323227836102 106
1780893021649 1.7470074766233858 107
1780893029797 1.718747293282181 108
1780893037952 1.6909442562172028 109
1780893046096 1.6635909704757947 110
1780893054252 1.636680160728554 111
1780893062443 1.6102046693342644 112
1780893070695 1.5841574544361336 113
1780893078924 1.558531588088824 114
1780893087148 1.5333202544157831 115
1780893095262 1.508516747796381 116
1780893103420 1.4841144710823737 117
1780893111624 1.4601069338432158 118
1780893119785 1.4364877506397602 119
1780893128018 1.4132506393258824 120
1780893136239 1.3903894193775752 121
1780893144477 1.3678980102490768 122
1780893152701 1.3457704297555897 123
1780893160928 1.3240007924821575 124
1780893169047 1.3025833082182867 125
1780893177341 1.2815122804178845 126
1780893185567 1.260782104684113 127
1780893193798 1.2403872672787526 128
1780893201925 1.220322343655675 129
1780893210191 1.200581997018044 130
1780893218310 1.1811609768988531 131
1780893226638 1.1620541177644235 132
1780893234771 1.1432563376404956 133
1780893242918 1.1247626367605421 134
1780893251064 1.1065680962359499 135
1780893259219 1.0886678767477092 136
1780893267382 1.0710572172592707 137
1780893275531 1.053731433750221 138
1780893283690 1.0366859179704444 139
1780893291842 1.0199161362144356 140
1780893299995 1.0034176281154419 141
1780893308307 0.9871860054591111 142
1780893316418 0.9712169510163289 143
1780893324582 0.9555062173949389 144
1780893332729 0.9400496259100339 145
1780893340874 0.9248430654725277 146
1780893349024 0.9098824914956999 147
1780893357198 0.8951639248194314 148
1780893365335 0.8806834506518424 149
1780893373748 0.8664372175280494 150
1780893382015 0.8524214362857664 151
1780893390139 0.8386323790574772 152
1780893398289 0.8250663782789103 153
1780893406434 0.8117198257135532 154
1780893414793 0.7985891714929466 155
1780893422908 0.7856709231725035 156
1780893431078 0.7729616448026004 157
1780893439220 0.7604579560146961 158
1780893447381 0.7481565311222333 159
1780893455531 0.7360540982360848 160
1780893463698 0.7241474383943072 161
1780893472038 0.7124333847059733 162
1780893480151 0.7009088215088541 163
1780893488303 0.6895706835407256 164
1780893496626 0.6784159551240815 165
1780893504859 0.6674416693640335 166
1780893510959 0.6602242813933523 167
