1780892151681 71.38671875 1
1780892159857 71.38671875 2
1780892168042 71.42740885416666 3
1780892176238 18.1396484375 4
1780892184436 71.35416666666666 5
1780892192650 71.29720052083334 6
1780892200862 71.923828125 7
1780892209063 71.3623046875 8
1780892217271 71.3623046875 9
1780892225488 71.37044270833334 10
1780892233689 71.37044270833334 11
1780892241896 72.81901041666666 12
1780892250106 72.51790364583334 13
1780892258317 71.69596354166666 14
1780892266530 71.59016927083334 15
1780892274733 72.62369791666666 16
1780892282937 72.3876953125 17
1780892291154 73.0712890625 18
1780892299367 71.52506510416666 19
1780892307574 72.2900390625 20
1780892315777 72.78645833333334 21
1780892324004 72.84342447916666 22
1780892332210 72.08658854166666 23
1780892340419 73.20963541666666 24
1780892348624 72.61555989583334 25
1780892356851 72.0947265625 26
1780892365085 72.021484375 27
1780892373304 72.65625 28
1780892381518 73.59212239583334 29
1780892389722 72.8759765625 30
1780892397945 72.95735677083334 31
1780892406155 72.06217447916666 32
1780892414507 72.10286458333334 33
1780892422710 72.119140625 34
1780892430921 72.59114583333334 35
1780892439124 72.37141927083334 36
1780892447328 71.68782552083334 37
1780892455541 72.71321614583334 38
1780892463739 72.37141927083334 39
1780892471948 72.72135416666666 40
1780892480168 71.44368489583334 41
1780892488375 72.12727864583334 42
1780892496574 72.49348958333334 43
1780892504779 72.35514322916666 44
1780892512988 72.66438802083334 45
1780892521208 76.18001302083334 46
1780892529436 72.4609375 47
1780892537643 72.33072916666666 48
1780892545862 72.93294270833334 49
1780892554072 73.4375 50
1780892562300 72.8515625 51
1780892570530 72.8515625 52
1780892578750 72.1923828125 53
1780892586977 73.30729166666666 54
1780892595201 73.16080729166666 55
1780892603429 72.66438802083334 56
1780892611652 73.08756510416666 57
1780892619881 72.85970052083334 58
1780892628116 72.9248046875 59
1780892636342 73.00618489583334 60
1780892644559 73.2666015625 61
1780892652780 73.06315104166666 62
1780892661021 73.0712890625 63
1780892669243 73.05501302083334 64
1780892677468 72.84342447916666 65
1780892685719 73.23404947916666 66
1780892693842 72.50162760416666 67
1780892702001 73.54329427083334 68
1780892710156 73.61653645833334 69
1780892718307 72.9248046875 70
1780892726499 72.7783203125 71
1780892734633 73.78743489583334 72
1780892742899 71.72037760416666 73
1780892751011 74.84537760416666 74
1780892759293 76.39973958333334 75
1780892767531 74.4140625 76
1780892775756 74.0966796875 77
1780892783979 73.55143229166666 78
1780892792097 73.16080729166666 79
1780892800380 75.18717447916666 80
1780892808605 75.34993489583334 81
1780892816828 79.00390625 82
1780892825054 82.16145833333334 83
1780892833279 77.685546875 84
1780892841397 77.57161458333334 85
1780892849658 77.734375 86
1780892857880 78.75162760416666 87
1780892866010 77.57975260416666 88
1780892874271 76.55436197916666 89
1780892882492 75.49641927083334 90
1780892890732 76.57063802083334 91
1780892898962 75.43131510416666 92
1780892907190 79.16666666666666 93
1780892915413 77.0751953125 94
1780892923532 75.3662109375 95
1780892931686 76.4892578125 96
1780892939830 75.42317708333334 97
1780892948109 78.271484375 98
1780892956365 83.16243489583334 99
1780892964491 78.40169270833334 100
1780892972761 76.13118489583334 101
1780892980883 79.41080729166666 102
1780892989035 82.23470052083334 103
1780892997192 80.126953125 104
1780893005344 83.3984375 105
1780893013497 87.1337890625 106
1780893021647 87.255859375 107
1780893029796 86.865234375 108
1780893037950 87.20703125 109
1780893046095 82.41373697916666 110
1780893054250 82.70670572916666 111
1780893062442 81.45345052083334 112
1780893070693 76.74153645833334 113
1780893078923 77.82389322916666 114
1780893087147 86.09212239583334 115
1780893095261 77.57161458333334 116
1780893103418 81.51041666666666 117
1780893111623 84.65169270833334 118
1780893119784 76.806640625 119
1780893128017 80.70475260416666 120
1780893136238 82.31608072916666 121
1780893144476 74.43033854166666 122
1780893152700 75.30924479166666 123
1780893160927 74.69075520833334 124
1780893169046 72.37955729166666 125
1780893177339 75.4150390625 126
1780893185566 71.49251302083334 127
1780893193797 73.95833333333334 128
1780893201924 70.86588541666666 129
1780893210190 74.34895833333334 130
1780893218309 67.49674479166666 131
1780893226637 67.76529947916666 132
1780893234770 61.336263020833336 133
1780893242916 58.349609375 134
1780893251062 62.3046875 135
1780893259217 62.369791666666664 136
1780893267381 64.24153645833334 137
1780893275529 62.744140625 138
1780893283688 58.837890625 139
1780893291841 60.563151041666664 140
1780893299994 60.107421875 141
1780893308305 60.001627604166664 142
1780893316417 58.992513020833336 143
1780893324581 55.843098958333336 144
1780893332727 59.602864583333336 145
1780893340873 58.317057291666664 146
1780893349023 58.919270833333336 147
1780893357196 53.0517578125 148
1780893365334 56.022135416666664 149
1780893373747 59.8876953125 150
1780893382014 62.093098958333336 151
1780893390137 57.470703125 152
1780893398288 56.640625 153
1780893406433 56.290690104166664 154
1780893414791 64.56705729166666 155
1780893422907 63.541666666666664 156
1780893431077 57.869466145833336 157
1780893439219 58.894856770833336 158
1780893447380 59.041341145833336 159
1780893455530 56.339518229166664 160
1780893463696 57.893880208333336 161
1780893472037 67.822265625 162
1780893480149 57.210286458333336 163
1780893488302 59.529622395833336 164
1780893496625 56.1767578125 165
1780893504858 58.455403645833336 166
1780893510958 58.015950520833336 167
