1780892151679 4.854199727376302 1
1780892159856 79.7905782063802 2
1780892168042 184.43426513671875 3
1780892176238 166.19661458333334 4
1780892184435 84.81524149576823 5
1780892192650 96.76402791341145 6
1780892200861 35.28579966227213 7
1780892209062 145.34220377604166 8
1780892217270 73.16188557942708 9
1780892225487 155.26864624023438 10
1780892233688 136.19124348958334 11
1780892241895 45.67970275878906 12
1780892250105 60.543233235677086 13
1780892258316 83.25697835286458 14
1780892266529 53.849344889322914 15
1780892274733 24.248451232910156 16
1780892282936 55.75914510091146 17
1780892291154 73.4698994954427 18
1780892299366 93.91576131184895 19
1780892307573 76.41555277506511 20
1780892315776 65.6846211751302 21
1780892324004 74.64686075846355 22
1780892332210 104.7161356608073 23
1780892340418 46.88365681966146 24
1780892348623 45.69834899902344 25
1780892356851 63.019877115885414 26
1780892365084 62.16859436035156 27
1780892373304 57.75108337402344 28
1780892381518 40.348592122395836 29
1780892389721 55.99858093261719 30
1780892397945 123.56697591145833 31
1780892406154 52.693939208984375 32
1780892414507 96.08084106445312 33
1780892422709 73.52981058756511 34
1780892430920 85.17514038085938 35
1780892439123 108.81235758463542 36
1780892447328 111.72804768880208 37
1780892455541 105.2363993326823 38
1780892463738 77.51340230305989 39
1780892471947 190.26448567708334 40
1780892480167 104.5929667154948 41
1780892488375 83.2006123860677 42
1780892496574 97.64082845052083 43
1780892504778 157.86138916015625 44
1780892512987 73.06076049804688 45
1780892521208 41.6432139078776 46
1780892529436 38.8617909749349 47
1780892537643 70.18622334798177 48
1780892545862 75.73353068033855 49
1780892554072 71.59556070963542 50
1780892562299 125.18137613932292 51
1780892570530 79.76759338378906 52
1780892578749 104.31239827473958 53
1780892586976 71.71877543131511 54
1780892595201 53.87969462076823 55
1780892603429 58.61078898111979 56
1780892611651 33.83524831136068 57
1780892619880 63.760355631510414 58
1780892628115 81.57774861653645 59
1780892636341 87.89011637369792 60
1780892644558 57.3803456624349 61
1780892652779 61.9035898844401 62
1780892661021 57.7733154296875 63
1780892669243 65.44342041015625 64
1780892677467 40.475443522135414 65
1780892685718 50.986673990885414 66
1780892693842 95.2693379720052 67
1780892702000 37.38931783040365 68
1780892710155 28.8946050008138 69
1780892718306 53.084228515625 70
1780892726498 64.487548828125 71
1780892734633 56.02019755045573 72
1780892742898 57.99950154622396 73
1780892751011 21.530865987141926 74
1780892759292 22.985862731933594 75
1780892767531 30.793736775716145 76
1780892775755 34.909472147623696 77
1780892783978 46.35577901204427 78
1780892792096 40.97542063395182 79
1780892800379 24.24183400472005 80
1780892808605 22.5831298828125 81
1780892816827 12.036407470703125 82
1780892825053 7.114248911539714 83
1780892833278 7.132113774617513 84
1780892841397 10.787546793619791 85
1780892849657 6.772529602050781 86
1780892857879 8.602109909057617 87
1780892866009 11.792704264322916 88
1780892874270 10.579392115275065 89
1780892882492 13.605214436848959 90
1780892890731 12.125846862792969 91
1780892898961 15.526964823404947 92
1780892907190 7.317328135172526 93
1780892915413 9.564461390177408 94
1780892923531 11.563336690266928 95
1780892931685 8.7967529296875 96
1780892939830 9.025227228800455 97
1780892948109 3.266434669494629 98
1780892956364 1.8359179496765137 99
1780892964491 3.7170998255411782 100
1780892972760 5.538510640462239 101
1780892980882 3.682706832885742 102
1780892989034 1.9057070414225261 103
1780892997192 2.8258349100748696 104
1780893005343 1.6734588940938313 105
1780893013497 1.1757477124532063 106
1780893021647 1.0252758661905925 107
1780893029795 1.2038439909617107 108
1780893037949 0.7514851093292236 109
1780893046094 1.3209664821624756 110
1780893054250 1.8543798128763835 111
1780893062441 1.9151318868001301 112
1780893070693 4.337161699930827 113
1780893078922 3.6222543716430664 114
1780893087147 1.3065442244211833 115
1780893095260 3.4534037907918296 116
1780893103417 1.1471641063690186 117
1780893111622 0.9625793298085531 118
1780893119783 2.8584887186686196 119
1780893128016 1.3074150085449219 120
1780893136237 0.8874603907267252 121
1780893144476 2.5740769704182944 122
1780893152699 1.7706433931986492 123
1780893160926 1.65887451171875 124
1780893169045 1.6065494219462078 125
1780893177339 1.721458117167155 126
1780893185565 1.478172779083252 127
1780893193796 1.9235684076944988 128
1780893201923 2.1918606758117676 129
1780893210189 2.2865012486775718 130
1780893218308 3.053991953531901 131
1780893226637 2.656857967376709 132
1780893234769 3.520681063334147 133
1780893242915 4.466855684916179 134
1780893251061 5.899930953979492 135
1780893259216 2.94275697072347 136
1780893267380 3.0968004862467446 137
1780893275528 3.3883091608683267 138
1780893283688 3.36207644144694 139
1780893291840 3.806893984476725 140
1780893299993 3.7311712900797525 141
1780893308305 3.4310970306396484 142
1780893316416 3.6136913299560547 143
1780893324580 3.94937801361084 144
1780893332726 3.0718816121419272 145
1780893340872 3.1734695434570312 146
1780893349022 2.939901351928711 147
1780893357196 5.129388491312663 148
1780893365333 4.775577863057454 149
1780893373746 2.712893486022949 150
1780893382013 2.76303768157959 151
1780893390137 4.773111661275228 152
1780893398287 4.559253374735515 153
1780893406432 5.027607282002767 154
1780893414791 2.6742210388183594 155
1780893422906 2.532435894012451 156
1780893431076 4.704935391743978 157
1780893439218 5.882592519124349 158
1780893447379 4.568711280822754 159
1780893455529 6.196532567342122 160
1780893463696 6.557853698730469 161
1780893472036 2.615762233734131 162
1780893480149 6.9732926686604815 163
1780893488301 5.658552169799805 164
1780893496624 6.2315928141276045 165
1780893504857 6.8506927490234375 166
1780893510958 5.797074635823567 167
