1780705835376 8.418559439347305 1
1780705838862 7.023291783709919 2
1780705842322 5.859271747679383 3
1780705845774 4.888173020631514 4
1780705849211 4.078021383646073 5
1780705852649 3.4021419322277042 6
1780705856085 2.8382807832835533 7
1780705859505 2.3678723478422845 8
1780705862917 1.9754280438701732 9
1780705866342 1.648026322054359 10
1780705869762 1.3748872132355505 11
1780705873177 1.1470173891168394 12
1780705876694 0.9569140495824869 13
1780705880249 0.7983178868747552 14
1780705883798 0.666006992772487 15
