1780705835374 0.14322092533111572 1
1780705838860 2.057560348510742 2
1780705842320 7.624403381347657 3
1780705845772 14.911444091796875 4
1780705849210 13.918678283691406 5
1780705852647 17.771934509277344 6
1780705856083 18.341860961914062 7
1780705859503 15.084626770019531 8
1780705862915 8.822190856933593 9
1780705866340 6.692823791503907 10
1780705869761 6.286126708984375 11
1780705873175 3.736685562133789 12
1780705876692 1.2874955177307128 13
1780705880248 0.994837474822998 14
1780705883796 0.38353667259216306 15
