1780910314608 0.025258277737817098 1
1780910332831 0.01677140801451927 2
1780911280005 0.017290151396463085 3
1780911296308 0.013540241607399873 4
1780911312348 0.014214392318282016 5
1780911328276 0.01600341741428819 6
1780912283482 0.015224732631860777 7
1780912299580 0.010584517273792001 8
1780912315510 0.011390491973522097 9
1780912422169 0.014311380164567815 10
1780912438109 0.010673735030861787 11
1780912454056 0.010253350402033606 12
1780913423739 0.011590131493501885 13
1780913439675 0.011985360189925793 14
1780913455604 0.011049038448999094 15
1780913471551 0.010108270617418511 16
1780913487497 0.011727593665899233 17
1780913503455 0.009470977755480035 18
1780913519685 0.008108366367428801 19
1780913535644 0.00971224210983099 20
1780913551590 0.012750852939694426 21
1780913567533 0.009162667185761208 22
1780913823694 0.010720056156779444 23
1780913839660 0.00914617471916731 24
1780913855600 0.007834528074708096 25
1780914808289 0.009569656017214753 26
1780914824239 0.008236473382905472 27
1780914840171 0.0077844428461651466 28
1780914856509 0.007116435572158459 29
1780915808022 0.007978270913279333 30
1780915823961 0.008901779041733853 31
1780915839890 0.011889137500940367 32
1780916081635 0.010587934837784878 33
1780916097579 0.008609279643657595 34
1780916113524 0.006627832041230313 35
1780917031091 0.013650676538777906 36
1780917047026 0.009587360675944838 37
1780917062955 0.007430084222971007 38
1780917078904 0.010640369598255602 39
1780917094857 0.007572977348815563 40
1780917110807 0.007443528535754182 41
1780917126764 0.007486194372177124 42
1780917142721 0.006361768689266471 43
1780917158663 0.00789548352707264 44
1780917479919 0.012896212034447248 45
1780917495891 0.007541367480921191 46
1780917505886 0.009342794501504232 47
