1780903468118 9.85831306441073 1
1780903485149 9.715332180565344 2
1780903502209 9.5744250321564 3
1780903519222 9.435561542585232 4
1780903536235 9.298712071471687 5
1780903553243 9.163847408327388 6
1780903570300 9.030938766320775 7
1780903587308 8.899957776132542 8
1780903604327 8.770876479900233 9
1780903621374 8.643667325250629 10
1780903638396 8.518303159418704 11
1780903655408 8.394757223451876 12
1780903672416 8.273003146498311 13
1780903689475 8.153014940178076 14
1780903706489 8.034766993035916 15
1780903723495 7.918234065074507 16
1780903740514 7.803391282366969 17
1780903757555 7.690214131747549 18
1780903774565 7.578678455579279 19
1780903791574 7.468760446597539 20
1780903808625 7.3604366428283985 21
1780903825633 7.25368392258067 22
1780903842640 7.148479499510581 23
1780903859643 7.044800917758041 24
1780903876691 6.942626047153438 25
1780903893708 6.841933078493963 26
1780903910719 6.742700518888441 27
1780903927774 6.64490718716967 28
1780903944790 6.548532209373317 29
1780903961803 6.45355501428237 30
1780903978812 6.359955329036213 31
1780903995867 6.267713174803395 32
1780904012889 6.176808862517151 33
1780904029897 6.08722298867277 34
1780904046949 5.998936431185928 35
1780904063958 5.911930345311081 36
1780904080992 5.8261861596190565 37
1780904098000 5.741685572032992 38
1780904115053 5.658410545921752 39
1780904132064 5.576343306250022 40
1780904149080 5.495466335784225 41
1780904166138 5.415762371353475 42
1780904183244 5.337214400164756 43
1780904200222 5.2598056561715465 44
1780904217204 5.183519616495111 45
1780904234256 5.108339997897691 46
1780904251272 5.034250753306856 47
1780904268287 4.961236068390259 48
1780904285340 4.889280358180072 49
1780904302349 4.818368263746372 50
1780904319366 4.7484846489187875 51
1780904336379 4.6796145970556875 52
1780904353431 4.611743407860217 53
1780904370449 4.544856594242536 54
1780904387453 4.478939879227545 55
1780904404514 4.413979192907468 56
1780904421521 4.349960669438638 57
1780904438529 4.286870644081833 58
1780904455543 4.224695650285539 59
1780904472598 4.163422416811523 60
1780904489615 4.103037864902085 61
1780904506627 4.043529105488401 62
1780904523683 3.9848834364393593 63
1780904540692 3.927088339850287 64
1780904557701 3.8701314793710067 65
1780904574720 3.814000697572651 66
1780904591779 3.7586840133526565 67
1780904608799 3.704169619377402 68
1780904625811 3.650445879561936 69
1780904642862 3.5975013265862588 70
1780904659877 3.5453246594476195 71
1780904676886 3.4939047410483286 72
1780904693898 3.4432305958185405 73
1780904710980 3.39329140737352 74
1780904727995 3.3440765162048933 75
1780904745016 3.2955754174053755 76
1780904762073 3.247777758426494 77
1780904779079 3.200673336868853 78
1780904796090 3.154252098304421 79
1780904813103 3.1085041341304214 80
1780904830163 3.0634196794543445 81
1780904847179 3.0189891110096294 82
1780904864193 2.9752029451015827 83
1780904881228 2.9320518355830854 84
1780904898261 2.88952657185966 85
1780904915277 2.847618076923471 86
1780904932289 2.8063174054158404 87
1780904949347 2.765615741717861 88
1780904966363 2.7255043980687055 89
1780904983377 2.685974812711229 90
1780905000399 2.647018548064459 91
1780905017446 2.6086272889225977 92
1780905034458 2.5707928406801446 93
1780905051470 2.5335071275827574 94
1780905068524 2.4967621910034876 95
1780905085543 2.460550187744007 96
1780905102555 2.424863388360486 97
1780905119559 2.3896941755137417 98
1780905136615 2.3550350423433195 99
1780905153622 2.3208785908651546 100
1780905170638 2.2872175303924758 101
1780905187697 2.254044675979607 102
1780905204725 2.2213529468883464 103
1780905221733 2.189135365076581 104
1780905238743 2.1573850537088264 105
1780905255806 2.1260952356883687 106
1780905272930 2.095259232210693 107
1780905289939 2.064870461337895 108
1780905306990 2.034922436593768 109
1780905324013 2.005408765579266 110
1780905341047 1.9763231486080477 111
1780905358058 1.947659377361809 112
1780905375116 1.9194113335651206 113
1780905392128 1.89157298767948 114
1780905409141 1.8641383976163133 115
1780905426201 1.837101707468633 116
1780905443218 1.8104571462610979 117
1780905460231 1.7841990267182002 118
1780905477240 1.7583217440503172 119
1780905494299 1.7328197747573686 120
1780905511311 1.7076876754498305 121
1780905528322 1.6829200816868415 122
1780905545382 1.6585117068311668 123
1780905562389 1.634457340920764 124
1780905579399 1.6107518495567201 125
1780905596408 1.5873901728073143 126
1780905613471 1.5643673241279759 127
1780905630589 1.5416783892969101 128
1780905647564 1.5193185253661556 129
1780905664615 1.49728295962786 130
1780905681622 1.4755669885955465 131
1780905698636 1.4541659770001534 132
1780905715642 1.4330753568006416 133
1780905732693 1.4122906262089432 134
1780905749707 1.3918073487290572 135
1780905766714 1.3716211522100812 136
1780905783778 1.3517277279129758 137
1780905800789 1.3321228295908647 138
1780905817801 1.3128022725826758 139
1780905834811 1.2937619329199261 140
1780905851870 1.2749977464464604 141
1780905868875 1.2565057079509587 142
1780905885882 1.2382818703120253 143
1780905902939 1.220322343655675 144
1780905919954 1.2026232945250424 145
1780905936965 1.1851809450621307 146
1780905953975 1.1679915722014278 147
1780905971065 1.1510515068752203 148
1780905988080 1.1343571332304312 149
1780906005188 1.1179048878568156 150
1780906022241 1.1016912590263541 151
1780906039250 1.0857127859436735 152
1780906056265 1.0699660580073416 153
1780906073261 1.054447714081874 154
1780906090316 1.039154441780303 155
1780906107314 1.0240829767571449 156
1780906124323 1.0092301020116317 157
1780906141821 0.9945926472010385 158
1780906501719 0.9801674879639771 159
1780906518640 0.9659515452535011 160
1780906535965 0.9519417846798834 161
1780907486578 0.9381352158629274 162
1780907503488 0.9245288917936701 163
1780907520584 0.911119908205345 164
1780907537680 0.8979054029534655 165
1780907554603 0.8848825554049022 166
1780907571521 0.8720485858358176 167
1780907588444 0.8594007548383367 168
1780907605364 0.8469363627358201 169
1780907867082 0.8346527490066185 170
1780907884115 0.8225472917161848 171
1780907901025 0.8106174069574239 172
1780908895406 0.7988605482991564 173
1780908912319 0.7872742062425857 174
1780908929235 0.775855907685644 175
1780909919949 0.7646032153951109 176
1780909936874 0.753513727486385 177
1780909953786 0.7425850769108036 178
1780910173175 0.7318149309503956 179
1780910190082 0.7212009907199641 180
1780910206984 0.7107409906763894 181
1780910223899 0.7004326981350499 182
1780910240828 0.6902739127932553 183
1780910257751 0.6802624662605933 184
1780910274696 0.6703962215960863 185
1780910291625 0.6606730728520628 186
1780910296028 0.6602242813933523 187
