1780903468116 85.60138081395348 1
1780903485148 85.61954941860465 2
1780903502208 85.57412790697676 3
1780903519220 85.546875 4
1780903536233 85.61046511627907 5
1780903553241 85.64680232558139 6
1780903570299 85.6922238372093 7
1780903587306 85.67405523255815 8
1780903604325 85.58321220930233 9
1780903621373 85.60138081395348 10
1780903638394 85.64680232558139 11
1780903655407 85.62863372093024 12
1780903672414 85.65588662790698 13
1780903689474 86.70966569767442 14
1780903706488 87.36373546511628 15
1780903723494 91.37899709302324 16
1780903740512 87.02761627906976 17
1780903757554 84.03888081395348 18
1780903774564 71.53888081395348 19
1780903791573 75.76308139534885 20
1780903808624 84.28415697674419 21
1780903825632 84.32049418604652 22
1780903842639 85.24709302325581 23
1780903859642 64.48946220930233 24
1780903876689 87.3092296511628 25
1780903893707 79.76925872093024 26
1780903910718 82.43095930232558 27
1780903927772 85.02906976744185 28
1780903944788 82.02216569767442 29
1780903961801 87.37281976744185 30
1780903978810 80.29614825581395 31
1780903995865 84.20239825581395 32
1780904012887 86.60065406976744 33
1780904029895 82.18568313953489 34
1780904046948 87.67260174418605 35
1780904063956 84.69295058139535 36
1780904080990 85.31976744186046 37
1780904097999 85.11082848837209 38
1780904115051 78.05232558139535 39
1780904132062 85.01998546511628 40
1780904149078 88.28125 41
1780904166136 87.31831395348837 42
1780904183243 84.85646802325581 43
1780904200220 86.44622093023256 44
1780904217202 85.80123546511628 45
1780904234254 84.04796511627907 46
1780904251271 88.28125 47
1780904268286 86.94585755813954 48
1780904285339 87.38190406976744 49
1780904302348 84.44767441860465 50
1780904319364 81.51344476744185 51
1780904336378 77.1984011627907 52
1780904353430 80.18713662790698 53
1780904370447 84.90188953488372 54
1780904387452 82.2311046511628 55
1780904404513 82.29469476744185 56
1780904421520 85.66497093023256 57
1780904438528 86.80959302325581 58
1780904455542 85.45603197674419 59
1780904472596 84.62936046511628 60
1780904489613 80.55050872093024 61
1780904506625 83.96620639534885 62
1780904523682 83.91170058139535 63
1780904540690 83.14861918604652 64
1780904557699 81.86773255813954 65
1780904574718 83.33938953488372 66
1780904591777 83.94803779069767 67
1780904608798 85.78306686046511 68
1780904625810 82.86700581395348 69
1780904642861 83.99345930232558 70
1780904659876 85.60138081395348 71
1780904676884 86.41896802325581 72
1780904693896 86.92768895348837 73
1780904710978 85.87390988372093 74
1780904727994 85.25617732558139 75
1780904745015 86.58248546511628 76
1780904762071 84.03888081395348 77
1780904779078 84.98364825581395 78
1780904796089 83.72093023255815 79
1780904813102 84.85646802325581 80
1780904830162 80.48691860465115 81
1780904847178 81.97674418604652 82
1780904864192 81.95857558139535 83
1780904881227 82.39462209302324 84
1780904898259 81.48619186046511 85
1780904915276 79.16969476744185 86
1780904932288 72.47456395348837 87
1780904949345 81.58611918604652 88
1780904966361 77.64353197674419 89
1780904983376 77.07122093023256 90
1780905000398 80.04178779069767 91
1780905017445 79.59665697674419 92
1780905034456 79.55123546511628 93
1780905051469 79.85101744186046 94
1780905068522 80.29614825581395 95
1780905085542 82.16751453488372 96
1780905102553 79.52398255813954 97
1780905119558 82.54905523255815 98
1780905136614 80.34156976744185 99
1780905153621 78.04324127906976 100
1780905170637 81.11373546511628 101
1780905187695 79.33321220930233 102
1780905204724 78.86082848837209 103
1780905221732 80.06904069767442 104
1780905238741 79.1515261627907 105
1780905255805 75.56322674418605 106
1780905272929 82.43095930232558 107
1780905289938 80.35973837209302 108
1780905306989 78.37936046511628 109
1780905324011 80.52325581395348 110
1780905341045 78.86991279069767 111
1780905358057 82.48546511627907 112
1780905375115 80.33248546511628 113
1780905392127 78.73364825581395 114
1780905409140 75.89026162790698 115
1780905426199 80.25981104651163 116
1780905443217 80.28706395348837 117
1780905460229 80.13263081395348 118
1780905477238 81.23183139534885 119
1780905494298 81.12281976744185 120
1780905511310 77.67986918604652 121
1780905528321 80.45058139534885 122
1780905545381 77.75254360465115 123
1780905562388 79.51489825581395 124
1780905579398 79.62390988372093 125
1780905596407 80.25981104651163 126
1780905613469 80.6595203488372 127
1780905630588 80.37790697674419 128
1780905647563 76.66242732558139 129
1780905664614 76.32630813953489 130
1780905681621 78.17950581395348 131
1780905698635 76.73510174418605 132
1780905715641 80.30523255813954 133
1780905732692 75.28161337209302 134
1780905749706 77.9251453488372 135
1780905766713 75.60864825581395 136
1780905783777 75.11809593023256 137
1780905800788 72.8561046511628 138
1780905817799 73.78270348837209 139
1780905834810 77.51635174418605 140
1780905851869 77.29832848837209 141
1780905868874 77.08938953488372 142
1780905885881 76.00835755813954 143
1780905902938 75.42696220930233 144
1780905919952 78.06140988372093 145
1780905936964 76.46257267441861 146
1780905953974 79.74200581395348 147
1780905971063 73.16497093023256 148
1780905988079 73.6282703488372 149
1780906005186 74.22783430232558 150
1780906022239 75.88117732558139 151
1780906039249 71.03924418604652 152
1780906056264 75.07267441860465 153
1780906073260 73.50109011627907 154
1780906090314 73.98255813953489 155
1780906107313 74.67296511627907 156
1780906124322 76.48074127906976 157
1780906141820 76.03561046511628 158
1780906501718 77.16206395348837 159
1780906518639 76.71693313953489 160
1780906535964 77.64353197674419 161
1780907486576 77.36191860465115 162
1780907503487 76.86228197674419 163
1780907520580 78.41569767441861 164
1780907537679 79.80559593023256 165
1780907554602 76.27180232558139 166
1780907571520 75.33611918604652 167
1780907588443 79.4422238372093 168
1780907605363 77.59811046511628 169
1780907867079 76.42623546511628 170
1780907884114 77.81613372093024 171
1780907901024 77.59811046511628 172
1780908895404 75.9811046511628 173
1780908912318 77.65261627906976 174
1780908929234 77.21656976744185 175
1780909919948 76.27180232558139 176
1780909936873 76.14462209302324 177
1780909953785 77.78888081395348 178
1780910173173 75.40879360465115 179
1780910190081 77.69803779069767 180
1780910206983 79.33321220930233 181
1780910223898 76.28997093023256 182
1780910240827 76.953125 183
1780910257750 78.19767441860465 184
1780910274695 74.63662790697676 185
1780910291624 76.60792151162791 186
1780910296027 76.65334302325581 187
