1780903468115 1.1475162949672966 1
1780903485147 26.07633936682413 2
1780903502207 19.408169058866278 3
1780903519219 56.94323446584303 4
1780903536232 41.01827648074128 5
1780903553240 39.890724359556685 6
1780903570298 24.749151185501454 7
1780903587306 68.00622842478198 8
1780903604324 182.43705714026163 9
1780903621372 86.59382948764535 10
1780903638394 36.26631483920785 11
1780903655406 18.59195159202398 12
1780903672413 14.870033441587935 13
1780903689473 7.249821152797965 14
1780903706487 8.454748109329579 15
1780903723493 5.617447254269622 16
1780903740511 2.5926148170648617 17
1780903757553 4.603012794672057 18
1780903774563 3.330532340116279 19
1780903791572 4.274640460347021 20
1780903808623 4.708795946697856 21
1780903825631 3.377122391101926 22
1780903842638 4.332428688226744 23
1780903859641 5.491221583166788 24
1780903876689 3.5777602084847384 25
1780903893706 3.3494748847429143 26
1780903910717 3.853917676349019 27
1780903927772 3.585785621820494 28
1780903944787 4.365631103515625 29
1780903961801 3.809913102970567 30
1780903978809 4.7161340048146805 31
1780903995865 3.647220345430596 32
1780904012887 4.641056149504905 33
1780904029894 3.9798633664153344 34
1780904046947 4.629315398460211 35
1780904063955 3.210988954056141 36
1780904080989 2.7698955092319224 37
1780904097998 2.8898831744526707 38
1780904115050 3.5242046977198402 39
1780904132062 3.0641997581304508 40
1780904149077 5.186811935069949 41
1780904166136 3.8037041952443675 42
1780904183242 2.6864350784656614 43
1780904200219 3.625868331554324 44
1780904217202 4.475538386855015 45
1780904234253 3.9691637615824855 46
1780904251270 4.092789051144622 47
1780904268285 3.970901134402253 48
1780904285338 3.448014725086301 49
1780904302347 4.680303529251454 50
1780904319363 4.71031792219295 51
1780904336377 5.696466845135356 52
1780904353429 4.726524175599564 53
1780904370447 3.2668027656022893 54
1780904387451 3.3140446862509085 55
1780904404512 3.973339701807776 56
1780904421519 3.4482748342114826 57
1780904438527 3.7318711391715116 58
1780904455541 3.5780078976653344 59
1780904472596 4.427724793899891 60
1780904489612 4.10980224609375 61
1780904506625 4.337347341138263 62
1780904523681 3.3398025867550873 63
1780904540690 4.073802859284157 64
1780904557698 4.038807358852653 65
1780904574717 3.988895150118096 66
1780904591776 4.150472241778706 67
1780904608797 3.7363629008448402 68
1780904625809 3.9152104577352835 69
1780904642860 3.565078380496003 70
1780904659875 3.9883511565452396 71
1780904676883 3.6655433122501817 72
1780904693896 4.453146646189135 73
1780904710977 2.715324224427689 74
1780904727993 3.8876381807549056 75
1780904745014 6.4722034543059594 76
1780904762070 4.052145314771075 77
1780904779077 3.185802371002907 78
1780904796088 2.449287769406341 79
1780904813101 2.436206728913063 80
1780904830161 2.4650210003520168 81
1780904847177 3.3532526770303415 82
1780904864191 3.336027278456577 83
1780904881226 2.9237690415493276 84
1780904898258 3.57481171364008 85
1780904915275 3.5590167378270348 86
1780904932287 4.441566644712936 87
1780904949344 3.9955568535383357 88
1780904966361 5.034650225972021 89
1780904983375 4.166785661564317 90
1780905000397 4.214562349541243 91
1780905017444 3.9672216371048328 92
1780905034455 3.4911034162654433 93
1780905051468 3.027979296307231 94
1780905068521 2.753855505654978 95
1780905085541 2.633530017941497 96
1780905102552 3.688351653343023 97
1780905119557 2.9526005234829213 98
1780905136613 3.2666991477788883 99
1780905153620 2.931228992550872 100
1780905170636 2.2705353138058686 101
1780905187695 2.9279039959574855 102
1780905204723 2.373962934627089 103
1780905221731 2.925852753395258 104
1780905238740 2.451765725778979 105
1780905255804 3.661090229832849 106
1780905272928 2.493742299634357 107
1780905289937 2.824707918388899 108
1780905306988 3.3299972179324127 109
1780905324010 2.6025168840275255 110
1780905341044 2.611509633618732 111
1780905358056 2.0995050474654797 112
1780905375114 2.33090671273165 113
1780905392126 2.486619993697765 114
1780905409139 3.058280767396439 115
1780905426198 2.716469698174055 116
1780905443216 2.824284930561864 117
1780905460228 2.575752613156341 118
1780905477237 2.109018547590389 119
1780905494297 2.7543890309888264 120
1780905511309 3.2091852232467297 121
1780905528320 2.565308681754179 122
1780905545380 2.9405698554460393 123
1780905562387 2.766511784043423 124
1780905579397 2.72117401832758 125
1780905596406 2.5805440503497454 126
1780905613468 2.219458291696948 127
1780905630587 2.3027184064998183 128
1780905647562 2.7845299299373183 129
1780905664613 2.040323479231014 130
1780905681620 2.5900996008584665 131
1780905698634 2.1150821419649346 132
1780905715640 2.0226428009742916 133
1780905732691 2.3408188930777616 134
1780905749705 2.0293011332667152 135
1780905766712 2.149426305016806 136
1780905783776 2.4276493870934774 137
1780905800787 2.5319822444472204 138
1780905817799 3.3815084058184954 139
1780905834809 1.8991243229355923 140
1780905851868 1.7291231377180232 141
1780905868873 2.063405768815861 142
1780905885880 2.0795841660610463 143
1780905902937 1.6334748379019803 144
1780905919951 1.536288061807322 145
1780905936963 2.1910647015238918 146
1780905953973 2.0495348198469294 147
1780905971063 1.9906392651934957 148
1780905988078 2.4220132162404613 149
1780906005185 2.0501756889875544 150
1780906022238 2.129886361055596 151
1780906039248 2.6851261937341024 152
1780906056263 2.2656377748001453 153
1780906073259 2.5702571425327037 154
1780906090314 2.621460670648619 155
1780906107312 2.1880594297896985 156
1780906124321 2.1597235036450764 157
1780906141819 2.288239235101744 158
1780906501717 1.578913311625636 159
1780906518638 2.0151030074718386 160
1780906535964 1.711974210517351 161
1780907486575 1.8221675074377726 162
1780907503487 1.8191909790039062 163
1780907520574 1.781824688578761 164
1780907537679 1.6113469323446585 165
1780907554602 1.993299972179324 166
1780907571519 1.766616466433503 167
1780907588442 1.6071887348973475 168
1780907605362 1.5989436659702034 169
1780907867077 1.6066908725472384 170
1780907884113 1.5753730951353562 171
1780907901023 1.7376708984375 172
1780908895404 1.9417142646257268 173
1780908912317 2.0124760117641713 174
1780908929234 2.215095697447311 175
1780909919947 1.7967793664266898 176
1780909936872 2.008188469465389 177
1780909953784 1.6211856575899346 178
1780910173173 2.233803682549055 179
1780910190080 1.9830056123955304 180
1780910206982 1.5454314475835755 181
1780910223897 2.020614446595658 182
1780910240827 1.6229521285655886 183
1780910257749 1.7784679324127908 184
1780910274694 1.954500065293423 185
1780910291623 1.5502200459325037 186
1780910296026 1.5209634470385174 187
