1781252977403 0.6602242813933523 1
1781252984466 0.6602242813933523 2
1781252991498 0.6602242813933523 3
1781252998606 0.6602242813933523 4
1781253005697 0.6602242813933523 5
1781253012666 0.6602242813933523 6
1781253019703 0.6602242813933523 7
1781253026594 0.6602242813933523 8
1781253033445 0.6602242813933523 9
1781253040448 0.6602242813933523 10
1781253047406 0.6602242813933523 11
1781253054277 0.6602242813933523 12
1781253061463 0.6602242813933523 13
1781253068398 0.6602242813933523 14
1781253075250 0.6602242813933523 15
1781253082205 0.6602242813933523 16
1781253089284 0.6602242813933523 17
1781253096300 0.6602242813933523 18
1781253103275 0.6602242813933523 19
1781253110240 0.6602242813933523 20
1781253117086 0.6602242813933523 21
1781253124080 0.6602242813933523 22
1781253131022 0.6602242813933523 23
1781253137865 0.6602242813933523 24
1781253144866 0.6602242813933523 25
1781253151820 0.6602242813933523 26
1781253158667 0.6602242813933523 27
1781253165609 0.6602242813933523 28
1781253172548 0.6602242813933523 29
1781253179393 0.6602242813933523 30
1781253186382 0.6602242813933523 31
1781253193319 0.6602242813933523 32
1781253200173 0.6602242813933523 33
1781253207198 0.6602242813933523 34
1781253214147 0.6602242813933523 35
1781253221003 0.6602242813933523 36
1781253228029 0.6602242813933523 37
1781253234966 0.6602242813933523 38
1781253241835 0.6602242813933523 39
1781253248811 0.6602242813933523 40
1781253255769 0.6602242813933523 41
1781253262612 0.6602242813933523 42
1781253269651 0.6602242813933523 43
1781253276633 0.6602242813933523 44
1781253283491 0.6602242813933523 45
1781253290475 0.6602242813933523 46
1781253294949 0.6602242813933523 47
