1781252977401 0.017451897610065548 1
1781252984464 0.016783051712568418 2
1781252991491 0.016356336516003277 3
1781252998604 0.01336282630299413 4
1781253005695 0.01074881539788357 5
1781253012663 0.012260362159374148 6
1781253019699 0.010622769594192505 7
1781253026592 0.010955755793771078 8
1781253033443 0.012318687383518663 9
1781253040445 0.010942687128865442 10
1781253047404 0.02052844541017399 11
1781253054268 0.011867724185766176 12
1781253061458 0.00950377763703812 13
1781253068396 0.010140721881112386 14
1781253075247 0.008477692687234212 15
1781253082202 0.00813303645267043 16
1781253089280 0.007419939651045688 17
1781253096296 0.00723646130672721 18
1781253103273 0.010573905567790186 19
1781253110236 0.0063523241253786306 20
1781253117084 0.00800266515376956 21
1781253124077 0.005989606990370639 22
1781253131020 0.0063485662604487215 23
1781253137862 0.009610546882762465 24
1781253144863 0.0072215220262837965 25
1781253151817 0.009415909994480222 26
1781253158664 0.010456013818119848 27
1781253165606 0.007258646016897157 28
1781253172546 0.007574240135592084 29
1781253179391 0.01347759158112282 30
1781253186379 0.009872927915218264 31
1781253193317 0.009294270082961681 32
1781253200170 0.007923217706902082 33
1781253207195 0.010663284118785414 34
1781253214145 0.008270855559859165 35
1781253221000 0.012215575506520826 36
1781253228026 0.00788479766180349 37
1781253234964 0.007089031990184341 38
1781253241826 0.008466245823128278 39
1781253248808 0.006950381883355074 40
1781253255767 0.008401774389799251 41
1781253262609 0.0066667746665865875 42
1781253269648 0.005971395692159963 43
1781253276631 0.0065714072349459625 44
1781253283488 0.006362145723298539 45
1781253290473 0.004760788970215376 46
1781253294947 0.005043989004090775 47
