1781252977402 99.59120639534885 1
1781252984465 99.26417151162791 2
1781252991496 99.69113372093024 3
1781252998605 99.63662790697676 4
1781253005696 99.73655523255815 5
1781253012664 99.7547238372093 6
1781253019700 99.87281976744185 7
1781253026593 99.55486918604652 8
1781253033444 99.47311046511628 9
1781253040446 99.48219476744185 10
1781253047405 99.04614825581395 11
1781253054275 99.7547238372093 12
1781253061460 99.82739825581395 13
1781253068396 99.67296511627907 14
1781253075248 99.8001453488372 15
1781253082203 99.72747093023256 16
1781253089281 99.87281976744185 17
1781253096298 99.8546511627907 18
1781253103274 99.54578488372093 19
1781253110238 99.84556686046511 20
1781253117085 99.72747093023256 21
1781253124078 99.8546511627907 22
1781253131021 99.8546511627907 23
1781253137863 99.65479651162791 24
1781253144864 99.81831395348837 25
1781253151818 99.87281976744185 26
1781253158665 99.57303779069767 27
1781253165607 99.71838662790698 28
1781253172547 99.66388081395348 29
1781253179392 99.38226744186046 30
1781253186381 99.78197674418605 31
1781253193318 99.71838662790698 32
1781253200171 99.71838662790698 33
1781253207196 99.53670058139535 34
1781253214146 99.78197674418605 35
1781253221001 99.4095203488372 36
1781253228027 99.69113372093024 37
1781253234965 99.72747093023256 38
1781253241833 99.61845930232558 39
1781253248809 99.95457848837209 40
1781253255768 99.66388081395348 41
1781253262610 99.70930232558139 42
1781253269649 99.84556686046511 43
1781253276631 99.90007267441861 44
1781253283489 99.8001453488372 45
1781253290474 99.94549418604652 46
1781253294948 99.82739825581395 47
