1781251603024 9.85831306441073 1
1781251610431 9.715332180565344 2
1781251617739 9.5744250321564 3
1781251625162 9.435561542585232 4
1781251632560 9.298712071471687 5
1781251639872 9.163847408327388 6
1781251647288 9.030938766320775 7
1781251654694 8.899957776132542 8
1781251662004 8.770876479900233 9
1781251669434 8.643667325250629 10
1781251676844 8.518303159418704 11
1781251684143 8.394757223451876 12
1781251691538 8.273003146498311 13
1781251698904 8.153014940178076 14
1781251706186 8.034766993035916 15
1781251713628 7.918234065074507 16
1781251721023 7.803391282366969 17
1781251728352 7.690214131747549 18
1781251735800 7.578678455579279 19
1781251743203 7.468760446597539 20
1781251750507 7.3604366428283985 21
1781251757932 7.25368392258067 22
1781251765333 7.148479499510581 23
1781251772650 7.044800917758041 24
1781251780069 6.942626047153438 25
1781251787468 6.841933078493963 26
1781251794776 6.742700518888441 27
1781251802167 6.64490718716967 28
1781251809537 6.548532209373317 29
1781251816829 6.45355501428237 30
1781251824219 6.359955329036213 31
1781251831638 6.267713174803395 32
1781251838943 6.176808862517151 33
1781251846377 6.08722298867277 34
1781251853800 5.998936431185928 35
1781251861131 5.911930345311081 36
1781251868923 5.8261861596190565 37
1781251876338 5.741685572032992 38
1781251883649 5.658410545921752 39
1781251891082 5.576343306250022 40
1781251898508 5.495466335784225 41
1781251905812 5.415762371353475 42
1781251913229 5.337214400164756 43
1781251920638 5.2598056561715465 44
1781251927939 5.183519616495111 45
1781251935375 5.108339997897691 46
1781251942776 5.034250753306856 47
1781251950066 4.961236068390259 48
1781251957464 4.889280358180072 49
1781251964825 4.818368263746372 50
1781251972108 4.7484846489187875 51
1781251979500 4.6796145970556875 52
1781251986857 4.611743407860217 53
1781251994137 4.544856594242536 54
1781252001542 4.478939879227545 55
1781252008903 4.413979192907468 56
1781252016186 4.349960669438638 57
1781252023589 4.286870644081833 58
1781252030950 4.224695650285539 59
1781252038234 4.163422416811523 60
1781252045642 4.103037864902085 61
1781252053000 4.043529105488401 62
1781252060275 3.9848834364393593 63
1781252067678 3.927088339850287 64
1781252075045 3.8701314793710067 65
1781252082330 3.814000697572651 66
1781252089744 3.7586840133526565 67
1781252097114 3.704169619377402 68
1781252104397 3.650445879561936 69
1781252111804 3.5975013265862588 70
1781252119174 3.5453246594476195 71
1781252126450 3.4939047410483286 72
1781252133865 3.4432305958185405 73
1781252141284 3.39329140737352 74
1781252148558 3.3440765162048933 75
1781252155954 3.2955754174053755 76
1781252163312 3.247777758426494 77
1781252170585 3.200673336868853 78
1781252177987 3.154252098304421 79
1781252185339 3.1085041341304214 80
1781252192614 3.0634196794543445 81
1781252200014 3.0189891110096294 82
1781252207371 2.9752029451015827 83
1781252214640 2.9320518355830854 84
1781252222051 2.88952657185966 85
1781252229408 2.847618076923471 86
1781252236678 2.8063174054158404 87
1781252244082 2.765615741717861 88
1781252251431 2.7255043980687055 89
1781252258711 2.685974812711229 90
1781252266103 2.647018548064459 91
1781252273452 2.6086272889225977 92
1781252280726 2.5707928406801446 93
1781252288127 2.5335071275827574 94
1781252295479 2.4967621910034876 95
1781252302764 2.460550187744007 96
1781252310185 2.424863388360486 97
1781252317580 2.3896941755137417 98
1781252324872 2.3550350423433195 99
1781252332305 2.3208785908651546 100
1781252339709 2.2872175303924758 101
1781252347006 2.254044675979607 102
1781252354434 2.2213529468883464 103
1781252361831 2.189135365076581 104
1781252369133 2.1573850537088264 105
1781252376538 2.1260952356883687 106
1781252383943 2.095259232210693 107
1781252391246 2.064870461337895 108
1781252398668 2.034922436593768 109
1781252406076 2.005408765579266 110
1781252413425 1.9763231486080477 111
1781252420839 1.947659377361809 112
1781252428243 1.9194113335651206 113
1781252435556 1.89157298767948 114
1781252442967 1.8641383976163133 115
1781252450346 1.837101707468633 116
1781252457652 1.8104571462610979 117
1781252465059 1.7841990267182002 118
1781252472460 1.7583217440503172 119
1781252479761 1.7328197747573686 120
1781252487182 1.7076876754498305 121
1781252494571 1.6829200816868415 122
1781252501866 1.6585117068311668 123
1781252509270 1.634457340920764 124
1781252516627 1.6107518495567201 125
1781252523893 1.5873901728073143 126
1781252531298 1.5643673241279759 127
1781252538701 1.5416783892969101 128
1781252545995 1.5193185253661556 129
1781252553429 1.49728295962786 130
1781252560808 1.4755669885955465 131
1781252568097 1.4541659770001534 132
1781252575518 1.4330753568006416 133
1781252582905 1.4122906262089432 134
1781252590176 1.3918073487290572 135
1781252597588 1.3716211522100812 136
1781252604941 1.3517277279129758 137
1781252612214 1.3321228295908647 138
1781252619617 1.3128022725826758 139
1781252626970 1.2937619329199261 140
1781252634246 1.2749977464464604 141
1781252641648 1.2565057079509587 142
1781252648999 1.2382818703120253 143
1781252656267 1.220322343655675 144
1781252663671 1.2026232945250424 145
1781252671030 1.1851809450621307 146
1781252678307 1.1679915722014278 147
1781252685802 1.1510515068752203 148
1781252693197 1.1343571332304312 149
1781252700487 1.1179048878568156 150
1781252707883 1.1016912590263541 151
1781252715226 1.0857127859436735 152
1781252722501 1.0699660580073416 153
1781252729900 1.054447714081874 154
1781252737252 1.039154441780303 155
1781252744554 1.0240829767571449 156
1781252751975 1.0092301020116317 157
1781252759586 0.9945926472010385 158
1781252766882 0.9801674879639771 159
1781252774319 0.9659515452535011 160
1781252781885 0.9519417846798834 161
1781252789178 0.9381352158629274 162
1781252796613 0.9245288917936701 163
1781252804019 0.911119908205345 164
1781252811329 0.8979054029534655 165
1781252818765 0.8848825554049022 166
1781252826180 0.8720485858358176 167
1781252833479 0.8594007548383367 168
1781252840877 0.8469363627358201 169
1781252848289 0.8346527490066185 170
1781252855594 0.8225472917161848 171
1781252863054 0.8106174069574239 172
1781252870425 0.7988605482991564 173
1781252877723 0.7872742062425857 174
1781252885331 0.775855907685644 175
1781252892708 0.7646032153951109 176
1781252899989 0.753513727486385 177
1781252907397 0.7425850769108036 178
1781252914794 0.7318149309503956 179
1781252922075 0.7212009907199641 180
1781252929512 0.7107409906763894 181
1781252937110 0.7004326981350499 182
1781252944405 0.6902739127932553 183
1781252951844 0.6802624662605933 184
1781252959267 0.6703962215960863 185
1781252966554 0.6606730728520628 186
1781252968788 0.6602242813933523 187
