1781251603023 85.57412790697676 1
1781251610430 85.63771802325581 2
1781251617737 85.65588662790698 3
1781251625160 85.59229651162791 4
1781251632559 85.61954941860465 5
1781251639871 85.65588662790698 6
1781251647286 85.68313953488372 7
1781251654692 85.58321220930233 8
1781251662002 85.60138081395348 9
1781251669432 85.53779069767442 10
1781251676842 85.61954941860465 11
1781251684142 85.68313953488372 12
1781251691536 85.55595930232558 13
1781251698903 86.07376453488372 14
1781251706184 21.429869186046513 15
1781251713626 29.487645348837212 16
1781251721021 36.66424418604651 17
1781251728350 26.48074127906977 18
1781251735798 36.500726744186046 19
1781251743202 65.51598837209302 20
1781251750506 90.39789244186046 21
1781251757930 88.76271802325581 22
1781251765332 87.20021802325581 23
1781251772648 87.52725290697676 24
1781251780067 88.73546511627907 25
1781251787466 86.76417151162791 26
1781251794775 80.35973837209302 27
1781251802165 72.69258720930233 28
1781251809536 88.58103197674419 29
1781251816827 84.72928779069767 30
1781251824217 84.88372093023256 31
1781251831636 90.69767441860465 32
1781251838942 87.00036337209302 33
1781251846376 87.73619186046511 34
1781251853799 85.72856104651163 35
1781251861130 83.52107558139535 36
1781251868921 87.84520348837209 37
1781251876337 88.98982558139535 38
1781251883648 88.90806686046511 39
1781251891080 86.00109011627907 40
1781251898506 82.5672238372093 41
1781251905810 83.64825581395348 42
1781251913227 85.62863372093024 43
1781251920636 83.66642441860465 44
1781251927938 88.74454941860465 45
1781251935373 89.63481104651163 46
1781251942774 86.73691860465115 47
1781251950065 88.43568313953489 48
1781251957462 85.3470203488372 49
1781251964823 84.1751453488372 50
1781251972106 86.79142441860465 51
1781251979498 86.5734011627907 52
1781251986856 87.109375 53
1781251994135 81.72238372093024 54
1781252001540 84.68386627906976 55
1781252008901 86.93677325581395 56
1781252016184 89.10792151162791 57
1781252023587 87.32739825581395 58
1781252030948 84.55668604651163 59
1781252038232 87.66351744186046 60
1781252045640 87.86337209302324 61
1781252052998 87.44549418604652 62
1781252060273 86.77325581395348 63
1781252067676 88.74454941860465 64
1781252075043 88.17223837209302 65
1781252082328 87.85428779069767 66
1781252089742 89.08066860465115 67
1781252097113 85.65588662790698 68
1781252104395 88.15406976744185 69
1781252111802 89.07158430232558 70
1781252119172 88.1359011627907 71
1781252126448 88.28125 72
1781252133863 88.40843023255815 73
1781252141283 88.89898255813954 74
1781252148556 87.15479651162791 75
1781252155952 88.0359738372093 76
1781252163310 88.34484011627907 77
1781252170583 87.99055232558139 78
1781252177985 88.78088662790698 79
1781252185338 87.3092296511628 80
1781252192612 88.20857558139535 81
1781252200012 88.07231104651163 82
1781252207369 88.50835755813954 83
1781252214639 88.57194767441861 84
1781252222050 89.08975290697676 85
1781252229407 88.83539244186046 86
1781252236676 88.39934593023256 87
1781252244080 88.71729651162791 88
1781252251430 88.96257267441861 89
1781252258709 88.0359738372093 90
1781252266101 88.27216569767442 91
1781252273451 87.14571220930233 92
1781252280725 88.15406976744185 93
1781252288125 86.72783430232558 94
1781252295477 88.46293604651163 95
1781252302762 87.59084302325581 96
1781252310183 88.32667151162791 97
1781252317578 86.8640988372093 98
1781252324870 88.19040697674419 99
1781252332304 89.53488372093024 100
1781252339707 89.18968023255815 101
1781252347004 88.28125 102
1781252354433 88.76271802325581 103
1781252361829 87.08212209302324 104
1781252369131 84.5657703488372 105
1781252376537 88.93531976744185 106
1781252383942 86.9640261627907 107
1781252391244 87.51816860465115 108
1781252398667 88.45385174418605 109
1781252406074 87.6907703488372 110
1781252413423 88.41751453488372 111
1781252420837 86.15552325581395 112
1781252428241 88.43568313953489 113
1781252435554 86.24636627906976 114
1781252442965 88.31758720930233 115
1781252450344 87.54542151162791 116
1781252457650 87.86337209302324 117
1781252465057 87.96329941860465 118
1781252472459 87.94513081395348 119
1781252479759 86.37354651162791 120
1781252487180 85.61954941860465 121
1781252494570 86.81867732558139 122
1781252501865 87.63626453488372 123
1781252509268 86.9640261627907 124
1781252516625 85.63771802325581 125
1781252523892 86.59156976744185 126
1781252531296 88.18132267441861 127
1781252538699 86.69149709302324 128
1781252545993 88.12681686046511 129
1781252553427 87.33648255813954 130
1781252560806 86.03742732558139 131
1781252568095 89.68023255813954 132
1781252575517 88.4720203488372 133
1781252582903 90.02543604651163 134
1781252590174 89.16242732558139 135
1781252597586 89.27143895348837 136
1781252604940 89.453125 137
1781252612212 89.43495639534885 138
1781252619615 90.14353197674419 139
1781252626969 89.6984011627907 140
1781252634244 89.73473837209302 141
1781252641646 89.13517441860465 142
1781252648997 89.92550872093024 143
1781252656265 89.27143895348837 144
1781252663670 89.58030523255815 145
1781252671029 89.28960755813954 146
1781252678305 88.78997093023256 147
1781252685800 87.07303779069767 148
1781252693195 89.11700581395348 149
1781252700486 87.04578488372093 150
1781252707881 90.4796511627907 151
1781252715225 90.67042151162791 152
1781252722499 89.35319767441861 153
1781252729898 89.62572674418605 154
1781252737251 90.86119186046511 155
1781252744553 90.41606104651163 156
1781252751974 87.47274709302324 157
1781252759585 89.84375 158
1781252766880 89.29869186046511 159
1781252774316 89.87100290697676 160
1781252781883 91.40625 161
1781252789177 90.44331395348837 162
1781252796611 90.09811046511628 163
1781252804017 90.4796511627907 164
1781252811327 90.35247093023256 165
1781252818764 90.0436046511628 166
1781252826179 89.75290697674419 167
1781252833477 89.99818313953489 168
1781252840876 89.53488372093024 169
1781252848286 89.71656976744185 170
1781252855592 90.66133720930233 171
1781252863052 88.92623546511628 172
1781252870424 90.02543604651163 173
1781252877722 90.46148255813954 174
1781252885329 93.31395348837209 175
1781252892706 91.015625 176
1781252899987 93.09593023255815 177
1781252907395 90.54324127906976 178
1781252914792 90.29796511627907 179
1781252922073 91.14280523255815 180
1781252929510 90.74309593023256 181
1781252937109 93.24127906976744 182
1781252944403 92.49636627906976 183
1781252951843 92.85973837209302 184
1781252959266 90.65225290697676 185
1781252966552 91.24273255813954 186
1781252968787 91.13372093023256 187
