1781251603019 5.691771396370822 1
1781251610428 24.391215479651162 2
1781251617736 29.706980150799417 3
1781251625160 36.46391828670058 4
1781251632558 100.72585846656976 5
1781251639870 150.68796557049419 6
1781251647285 30.102848496547963 7
1781251654691 44.72313601471657 8
1781251662001 33.87635412881541 9
1781251669432 53.38275004542151 10
1781251676841 25.853947129360463 11
1781251684141 20.32947487054869 12
1781251691535 16.641989064771074 13
1781251698902 7.3447655966115555 14
1781251706183 31.08204828306686 15
1781251713625 12.022276412609012 16
1781251721020 8.361693626226382 17
1781251728349 23.211065248001454 18
1781251735797 10.555658384811046 19
1781251743201 7.484744049781977 20
1781251750505 5.695803974950036 21
1781251757930 5.301229077716206 22
1781251765331 6.924381699672965 23
1781251772647 3.9679505104242367 24
1781251780066 3.607367936954942 25
1781251787465 1.1031290098678235 26
1781251794774 1.7222829419513082 27
1781251802164 3.4682411371275434 28
1781251809535 0.5676386190015216 29
1781251816826 0.7418625410213027 30
1781251824216 1.6430252430050871 31
1781251831636 4.296451302461846 32
1781251838941 2.679564719976381 33
1781251846375 3.3370183900345203 34
1781251853798 3.5606409117232922 35
1781251861129 2.4618402525436047 36
1781251868921 4.859964060228925 37
1781251876330 2.7223881566247274 38
1781251883646 3.615734011627907 39
1781251891079 2.6445213140443316 40
1781251898505 1.9728718247524528 41
1781251905809 3.4179321998773617 42
1781251913227 2.705514952193859 43
1781251920635 2.7247616080350654 44
1781251927937 8.170520161473474 45
1781251935372 2.4718693577966024 46
1781251942773 7.006934587345567 47
1781251950064 5.3725365927053055 48
1781251957461 6.167129161746003 49
1781251964822 4.968019352402798 50
1781251972105 8.680474569631178 51
1781251979497 5.442589338435683 52
1781251986855 6.274026560228925 53
1781251994134 3.605376487554506 54
1781252001539 3.7264407845430596 55
1781252008900 4.321927092796148 56
1781252016183 5.796323199604833 57
1781252023586 7.876493941905887 58
1781252030947 2.723532565804415 59
1781252038232 4.278318183366642 60
1781252045639 4.214335241983103 61
1781252052998 5.173242968182231 62
1781252060272 5.235736935637718 63
1781252067675 7.916862310365189 64
1781252075042 4.935942184093387 65
1781252082327 4.781238644622093 66
1781252089741 8.364426723746366 67
1781252097112 3.6634230502816134 68
1781252104394 8.394658998001454 69
1781252111801 2.3231958788494733 70
1781252119171 4.537357064180596 71
1781252126448 4.854490058366642 72
1781252133862 5.1187559615734015 73
1781252141282 4.704817306163699 74
1781252148555 6.3622926224109735 75
1781252155951 6.465850120367006 76
1781252163309 7.8815662472747094 77
1781252170582 10.853042247683502 78
1781252177984 4.969370287518169 79
1781252185337 4.779009796852289 80
1781252192611 4.648895263671875 81
1781252200011 4.556064339571221 82
1781252207368 5.198210250499637 83
1781252214638 3.444549560546875 84
1781252222049 7.618491949037064 85
1781252229406 3.0895836408748183 86
1781252236675 4.811192357262899 87
1781252244079 12.213503815406977 88
1781252251429 8.275118095930232 89
1781252258708 4.607060986895894 90
1781252266100 4.358631222747093 91
1781252273450 2.7103775379269623 92
1781252280724 3.932176102039426 93
1781252288124 9.386799657067588 94
1781252295476 5.672385992005814 95
1781252302762 6.9234704305959305 96
1781252310182 6.777654603470204 97
1781252317578 3.065666021302689 98
1781252324869 3.027975038040516 99
1781252332303 4.914313028025073 100
1781252339706 4.9254881393077765 101
1781252347003 5.562562809434048 102
1781252354432 4.1425220578215844 103
1781252361828 2.9814868306004723 104
1781252369125 2.884761189305505 105
1781252376536 3.0786381211391713 106
1781252383941 4.265035584915516 107
1781252391243 8.07795963730923 108
1781252398666 4.41564125238463 109
1781252406073 4.561857001726017 110
1781252413422 4.202176825944767 111
1781252420836 4.59811827193859 112
1781252428240 4.39764404296875 113
1781252435553 1.6310132048850836 114
1781252442964 3.212221012559048 115
1781252450344 3.2314701523891713 116
1781252457649 2.340213332065316 117
1781252465056 1.3521297366120095 118
1781252472458 2.4566611356513444 119
1781252479758 1.9344383062318313 120
1781252487180 1.2000315466592477 121
1781252494569 2.2322983852652616 122
1781252501864 4.57544867936955 123
1781252509267 5.673303293627362 124
1781252516624 2.3973690299100654 125
1781252523891 2.2650944909384085 126
1781252531295 4.281985970430596 127
1781252538698 2.5769603640534156 128
1781252545992 4.613182600154433 129
1781252553426 2.750141232512718 130
1781252560805 1.8770798084347746 131
1781252568095 5.670958408089572 132
1781252575516 1.5511167659315952 133
1781252582902 3.628376095793968 134
1781252590173 2.9124055019644803 135
1781252597585 3.681708757267442 136
1781252604939 6.280499835347021 137
1781252612211 2.5693723101948582 138
1781252619614 2.624381841615189 139
1781252626968 2.3659165848133177 140
1781252634243 2.3066594323446585 141
1781252641645 1.5977128494617552 142
1781252648997 0.7161536992982377 143
1781252656264 2.1358599995457848 144
1781252663669 1.4551904367846111 145
1781252671028 2.1525797289471296 146
1781252678304 3.940870063249455 147
1781252685799 1.6552840831667879 148
1781252693195 3.2942174867142078 149
1781252700485 2.063780141431232 150
1781252707880 0.8596800870673601 151
1781252715224 0.8644072954044786 152
1781252722499 3.747136670489644 153
1781252729897 2.37898449565089 154
1781252737250 1.2293643507846566 155
1781252744552 1.4184148034384085 156
1781252751973 1.546940293422965 157
1781252759584 1.322191371474155 158
1781252766879 0.8877564363701399 159
1781252774315 0.8782793976539789 160
1781252781882 0.5856490911439408 161
1781252789176 1.203547987827035 162
1781252796611 1.5134907212368278 163
1781252804015 1.3869933194892352 164
1781252811326 1.329405052717342 165
1781252818763 3.4920288795648617 166
1781252826178 4.646640511446221 167
1781252833476 6.113602749136991 168
1781252840875 2.8511512224064317 169
1781252848285 2.8291927603788154 170
1781252855591 1.3162329030591389 171
1781252863051 0.9797105123830396 172
1781252870423 0.775876333547193 173
1781252877721 1.180741775867551 174
1781252885329 0.4396051806072856 175
1781252892705 0.5042792031931322 176
1781252899987 0.40075350916662883 177
1781252907394 0.5330217050951581 178
1781252914791 0.8052339775617733 179
1781252922072 1.0262726184933684 180
1781252929509 1.7831963827443678 181
1781252937108 0.44405183126760084 182
1781252944402 0.530050233353016 183
1781252951842 0.5671900372172511 184
1781252959265 1.2185909359954123 185
1781252966551 1.1883486370707668 186
1781252968786 1.1494617905727653 187
