1781246160163 99.26417151162791 1
1781246167204 99.68204941860465 2
1781246174185 99.56395348837209 3
1781246181082 99.57303779069767 4
1781246188160 99.71838662790698 5
1781246194993 99.62754360465115 6
1781246202005 99.30959302325581 7
1781246209091 99.89098837209302 8
1781246215948 99.69113372093024 9
1781246222931 99.72747093023256 10
1781246229889 99.61845930232558 11
1781246236780 99.7547238372093 12
1781246243761 99.78197674418605 13
1781246250697 99.81831395348837 14
1781246257535 99.70930232558139 15
1781246264713 99.82739825581395 16
1781246271778 99.67296511627907 17
1781246278605 99.62754360465115 18
1781246285593 99.87281976744185 19
1781246292517 99.4186046511628 20
1781246299348 99.52761627906976 21
1781246306374 99.89098837209302 22
1781246313298 99.49127906976744 23
1781246320129 99.81831395348837 24
1781246327143 99.77289244186046 25
1781246334071 99.82739825581395 26
1781246340935 99.65479651162791 27
1781246347940 99.4640261627907 28
1781246355121 99.8546511627907 29
1781246361943 99.86373546511628 30
1781246368940 99.84556686046511 31
1781246375873 99.53670058139535 32
1781246382707 99.49127906976744 33
1781246389702 99.74563953488372 34
1781246396796 99.86373546511628 35
1781246403785 99.88190406976744 36
1781246410705 99.76380813953489 37
1781246417640 99.64571220930233 38
1781246424474 99.35501453488372 39
1781246431483 99.73655523255815 40
1781246438401 99.70930232558139 41
1781246445243 99.89098837209302 42
1781246452238 99.76380813953489 43
1781246459189 99.8001453488372 44
1781246466042 99.89098837209302 45
1781246473059 99.89098837209302 46
1781246477549 99.8001453488372 47
