1781246160162 0.016633812771287074 1
1781246167204 0.011624367431152699 2
1781246174184 0.013336895510207775 3
1781246181081 0.00998093707616939 4
1781246188160 0.011537999607795892 5
1781246194992 0.010141498127648996 6
1781246202004 0.014491293319436006 7
1781246209090 0.00936949183774549 8
1781246215948 0.007847855257433515 9
1781246222930 0.009699731372123542 10
1781246229888 0.0099086650582247 11
1781246236779 0.00860687813093496 12
1781246243760 0.0077428547448890155 13
1781246250696 0.0076594415099121805 14
1781246257534 0.008338752874108247 15
1781246264712 0.007292910370715829 16
1781246271777 0.008381158113479614 17
1781246278605 0.011641214060228925 18
1781246285592 0.007763181314911953 19
1781246292516 0.011490442725115044 20
1781246299347 0.008956977794336718 21
1781246306373 0.0072991300460904145 22
1781246313297 0.011806346649347349 23
1781246320128 0.0074282059835833174 24
1781246327142 0.006827650375144426 25
1781246334070 0.005870401166206182 26
1781246340934 0.010709902574849684 27
1781246347939 0.011503193960633389 28
1781246355121 0.006582583105841348 29
1781246361942 0.007077571264533109 30
1781246368939 0.006549356981765392 31
1781246375872 0.010338325833165369 32
1781246382706 0.010083113298859707 33
1781246389701 0.008040426775466564 34
1781246396795 0.0062633995399918665 35
1781246403784 0.005771231859229332 36
1781246410704 0.006517629290735999 37
1781246417639 0.00852417599323184 38
1781246424473 0.012369223805361016 39
1781246431482 0.007211404484371806 40
1781246438401 0.007089740315148997 41
1781246445242 0.005903757588807927 42
1781246452237 0.006134940441264663 43
1781246459188 0.006619443727094073 44
1781246466042 0.00785919608071793 45
1781246473058 0.0059546551039052565 46
1781246477549 0.005912085605222125 47
