1781246160165 0.6602242813933523 1
1781246167206 0.6602242813933523 2
1781246174186 0.6602242813933523 3
1781246181083 0.6602242813933523 4
1781246188162 0.6602242813933523 5
1781246194994 0.6602242813933523 6
1781246202007 0.6602242813933523 7
1781246209093 0.6602242813933523 8
1781246215950 0.6602242813933523 9
1781246222933 0.6602242813933523 10
1781246229890 0.6602242813933523 11
1781246236782 0.6602242813933523 12
1781246243763 0.6602242813933523 13
1781246250699 0.6602242813933523 14
1781246257537 0.6602242813933523 15
1781246264715 0.6602242813933523 16
1781246271779 0.6602242813933523 17
1781246278607 0.6602242813933523 18
1781246285595 0.6602242813933523 19
1781246292519 0.6602242813933523 20
1781246299349 0.6602242813933523 21
1781246306376 0.6602242813933523 22
1781246313300 0.6602242813933523 23
1781246320131 0.6602242813933523 24
1781246327145 0.6602242813933523 25
1781246334073 0.6602242813933523 26
1781246340937 0.6602242813933523 27
1781246347942 0.6602242813933523 28
1781246355123 0.6602242813933523 29
1781246361945 0.6602242813933523 30
1781246368942 0.6602242813933523 31
1781246375874 0.6602242813933523 32
1781246382708 0.6602242813933523 33
1781246389704 0.6602242813933523 34
1781246396797 0.6602242813933523 35
1781246403787 0.6602242813933523 36
1781246410706 0.6602242813933523 37
1781246417642 0.6602242813933523 38
1781246424475 0.6602242813933523 39
1781246431485 0.6602242813933523 40
1781246438403 0.6602242813933523 41
1781246445245 0.6602242813933523 42
1781246452240 0.6602242813933523 43
1781246459190 0.6602242813933523 44
1781246466044 0.6602242813933523 45
1781246473061 0.6602242813933523 46
1781246477551 0.6602242813933523 47
