1781244785542 9.85831306441073 1
1781244792778 9.715332180565344 2
1781244800172 9.5744250321564 3
1781244807418 9.435561542585232 4
1781244814815 9.298712071471687 5
1781244822073 9.163847408327388 6
1781244829474 9.030938766320775 7
1781244836721 8.899957776132542 8
1781244844116 8.770876479900233 9
1781244851359 8.643667325250629 10
1781244858824 8.518303159418704 11
1781244866071 8.394757223451876 12
1781244873472 8.273003146498311 13
1781244880722 8.153014940178076 14
1781244888118 8.034766993035916 15
1781244895366 7.918234065074507 16
1781244902765 7.803391282366969 17
1781244910032 7.690214131747549 18
1781244917550 7.578678455579279 19
1781244924858 7.468760446597539 20
1781244932270 7.3604366428283985 21
1781244939566 7.25368392258067 22
1781244947003 7.148479499510581 23
1781244954362 7.044800917758041 24
1781244961845 6.942626047153438 25
1781244969149 6.841933078493963 26
1781244976573 6.742700518888441 27
1781244983869 6.64490718716967 28
1781244991293 6.548532209373317 29
1781244998597 6.45355501428237 30
1781245006020 6.359955329036213 31
1781245013316 6.267713174803395 32
1781245020728 6.176808862517151 33
1781245028011 6.08722298867277 34
1781245035420 5.998936431185928 35
1781245042707 5.911930345311081 36
1781245050362 5.8261861596190565 37
1781245057781 5.741685572032992 38
1781245065213 5.658410545921752 39
1781245072512 5.576343306250022 40
1781245079935 5.495466335784225 41
1781245087310 5.415762371353475 42
1781245094591 5.337214400164756 43
1781245102001 5.2598056561715465 44
1781245109372 5.183519616495111 45
1781245116647 5.108339997897691 46
1781245124061 5.034250753306856 47
1781245131456 4.961236068390259 48
1781245138734 4.889280358180072 49
1781245146141 4.818368263746372 50
1781245153515 4.7484846489187875 51
1781245160800 4.6796145970556875 52
1781245168211 4.611743407860217 53
1781245175570 4.544856594242536 54
1781245182836 4.478939879227545 55
1781245190240 4.413979192907468 56
1781245197588 4.349960669438638 57
1781245204874 4.286870644081833 58
1781245212316 4.224695650285539 59
1781245219676 4.163422416811523 60
1781245227000 4.103037864902085 61
1781245234402 4.043529105488401 62
1781245241816 3.9848834364393593 63
1781245249112 3.927088339850287 64
1781245256545 3.8701314793710067 65
1781245263973 3.814000697572651 66
1781245271268 3.7586840133526565 67
1781245278723 3.704169619377402 68
1781245286116 3.650445879561936 69
1781245293420 3.5975013265862588 70
1781245300847 3.5453246594476195 71
1781245308254 3.4939047410483286 72
1781245315547 3.4432305958185405 73
1781245323046 3.39329140737352 74
1781245330467 3.3440765162048933 75
1781245337776 3.2955754174053755 76
1781245345226 3.247777758426494 77
1781245352609 3.200673336868853 78
1781245359897 3.154252098304421 79
1781245367322 3.1085041341304214 80
1781245374739 3.0634196794543445 81
1781245382024 3.0189891110096294 82
1781245389454 2.9752029451015827 83
1781245396851 2.9320518355830854 84
1781245404166 2.88952657185966 85
1781245411597 2.847618076923471 86
1781245418984 2.8063174054158404 87
1781245426291 2.765615741717861 88
1781245433721 2.7255043980687055 89
1781245441089 2.685974812711229 90
1781245448378 2.647018548064459 91
1781245455832 2.6086272889225977 92
1781245463213 2.5707928406801446 93
1781245470493 2.5335071275827574 94
1781245477914 2.4967621910034876 95
1781245485292 2.460550187744007 96
1781245492573 2.424863388360486 97
1781245499993 2.3896941755137417 98
1781245507374 2.3550350423433195 99
1781245514660 2.3208785908651546 100
1781245522108 2.2872175303924758 101
1781245529489 2.254044675979607 102
1781245536775 2.2213529468883464 103
1781245544191 2.189135365076581 104
1781245551572 2.1573850537088264 105
1781245558862 2.1260952356883687 106
1781245566273 2.095259232210693 107
1781245573664 2.064870461337895 108
1781245580947 2.034922436593768 109
1781245588364 2.005408765579266 110
1781245595777 1.9763231486080477 111
1781245603061 1.947659377361809 112
1781245610472 1.9194113335651206 113
1781245617848 1.89157298767948 114
1781245625128 1.8641383976163133 115
1781245632544 1.837101707468633 116
1781245639931 1.8104571462610979 117
1781245647215 1.7841990267182002 118
1781245654623 1.7583217440503172 119
1781245662027 1.7328197747573686 120
1781245669312 1.7076876754498305 121
1781245676718 1.6829200816868415 122
1781245684087 1.6585117068311668 123
1781245691363 1.634457340920764 124
1781245698814 1.6107518495567201 125
1781245706278 1.5873901728073143 126
1781245713597 1.5643673241279759 127
1781245721006 1.5416783892969101 128
1781245728386 1.5193185253661556 129
1781245735702 1.49728295962786 130
1781245743117 1.4755669885955465 131
1781245750548 1.4541659770001534 132
1781245757859 1.4330753568006416 133
1781245765302 1.4122906262089432 134
1781245772680 1.3918073487290572 135
1781245779968 1.3716211522100812 136
1781245787401 1.3517277279129758 137
1781245794775 1.3321228295908647 138
1781245802082 1.3128022725826758 139
1781245809501 1.2937619329199261 140
1781245816883 1.2749977464464604 141
1781245824183 1.2565057079509587 142
1781245831608 1.2382818703120253 143
1781245838976 1.220322343655675 144
1781245846255 1.2026232945250424 145
1781245853668 1.1851809450621307 146
1781245861037 1.1679915722014278 147
1781245868352 1.1510515068752203 148
1781245875732 1.1343571332304312 149
1781245883101 1.1179048878568156 150
1781245890389 1.1016912590263541 151
1781245897791 1.0857127859436735 152
1781245905156 1.0699660580073416 153
1781245912433 1.054447714081874 154
1781245919882 1.039154441780303 155
1781245927253 1.0240829767571449 156
1781245934528 1.0092301020116317 157
1781245942161 0.9945926472010385 158
1781245949507 0.9801674879639771 159
1781245956978 0.9659515452535011 160
1781245964329 0.9519417846798834 161
1781245971693 0.9381352158629274 162
1781245978974 0.9245288917936701 163
1781245986441 0.911119908205345 164
1781245993847 0.8979054029534655 165
1781246001138 0.8848825554049022 166
1781246008736 0.8720485858358176 167
1781246016112 0.8594007548383367 168
1781246023399 0.8469363627358201 169
1781246030805 0.8346527490066185 170
1781246038361 0.8225472917161848 171
1781246045640 0.8106174069574239 172
1781246053068 0.7988605482991564 173
1781246060610 0.7872742062425857 174
1781246068064 0.775855907685644 175
1781246075458 0.7646032153951109 176
1781246082834 0.753513727486385 177
1781246090125 0.7425850769108036 178
1781246097565 0.7318149309503956 179
1781246105023 0.7212009907199641 180
1781246112310 0.7107409906763894 181
1781246119706 0.7004326981350499 182
1781246127070 0.6902739127932553 183
1781246134371 0.6802624662605933 184
1781246141912 0.6703962215960863 185
1781246149310 0.6606730728520628 186
1781246151655 0.6602242813933523 187
