1781244785533 4.664496133493823 1
1781244792776 11.37409227947856 2
1781244800169 12.068272790243459 3
1781244807415 13.512273744095204 4
1781244814812 31.61847633539244 5
1781244822071 29.91624273255814 6
1781244829471 27.888501544331394 7
1781244836719 18.757151049236917 8
1781244844113 30.48033816315407 9
1781244851357 14.127130552779796 10
1781244858822 3.4589517282885174 11
1781244866068 2.8772710755813953 12
1781244873470 2.1155812463095023 13
1781244880720 2.8242785431617916 14
1781244888116 0.9577162099439044 15
1781244895364 3.370215127634448 16
1781244902762 3.2236480712890625 17
1781244910029 1.87861863956895 18
1781244917548 2.462229529092478 19
1781244924856 2.169437674588935 20
1781244932268 3.6569114507630816 21
1781244939563 1.3055160877316496 22
1781244947000 3.8602273630541424 23
1781244954358 2.9637436977652616 24
1781244961843 6.003346287926962 25
1781244969147 3.4243369878724566 26
1781244976570 3.459275711414426 27
1781244983866 2.7179073954737465 28
1781244991290 1.356371058974155 29
1781244998594 1.7006953039834665 30
1781245006018 2.6105655404024346 31
1781245013313 2.966556282930596 32
1781245020726 3.3013099847837934 33
1781245028009 2.6500488990961117 34
1781245035418 3.5857976869095203 35
1781245042704 3.760655957599019 36
1781245050360 2.242907856785974 37
1781245057779 3.990370284679324 38
1781245065211 4.89958900629088 39
1781245072510 4.657355729923692 40
1781245079933 3.2539502520893895 41
1781245087307 2.338004711062409 42
1781245094588 1.839870719022529 43
1781245101998 5.231083714684774 44
1781245109369 4.2112476437590844 45
1781245116645 2.332154030023619 46
1781245124059 3.8648937136627906 47
1781245131453 6.017946465070858 48
1781245138731 4.050543496775073 49
1781245146139 5.498767941497093 50
1781245153513 5.795041106468023 51
1781245160797 4.8307580282521805 52
1781245168208 6.671353362327398 53
1781245175567 2.5114943038585573 54
1781245182833 1.6309899618459303 55
1781245190238 1.9861260347588117 56
1781245197586 4.035706985828488 57
1781245204872 3.161517475926599 58
1781245212313 3.9362186165743096 59
1781245219674 3.9283773732739826 60
1781245226997 2.4737273815066314 61
1781245234399 2.2220045577648073 62
1781245241813 4.2215831667877906 63
1781245249109 2.8856327145598657 64
1781245256543 1.9627742323764534 65
1781245263970 2.6522546812545422 66
1781245271265 2.583431510038154 67
1781245278720 1.6687323991642442 68
1781245286113 3.0367740364961846 69
1781245293417 2.386836384618005 70
1781245300845 1.2366895453874456 71
1781245308251 1.4768288190974745 72
1781245315544 2.0941112429596656 73
1781245323044 1.1736060741335848 74
1781245330464 3.2025902326716933 75
1781245337773 2.445946449457213 76
1781245345223 1.2914468632187954 77
1781245352607 1.7830842483875364 78
1781245359895 1.6637922774913698 79
1781245367319 2.886734186216842 80
1781245374736 2.6178210946016534 81
1781245382022 0.7778114496275436 82
1781245389452 2.273520536200945 83
1781245396849 1.1202737675156704 84
1781245404163 1.0174046893452489 85
1781245411594 0.978369069653888 86
1781245418981 0.8743389040924782 87
1781245426287 0.899373963821766 88
1781245433718 0.6896869304568268 89
1781245441087 1.2276590036791424 90
1781245448375 1.6405685779660246 91
1781245455830 1.9367251728856287 92
1781245463211 1.5065506336300871 93
1781245470491 1.4502041838889899 94
1781245477912 1.0219000882880633 95
1781245485290 1.2980383939521258 96
1781245492571 1.3679397050724473 97
1781245499990 1.3348939585131268 98
1781245507372 1.0424658309581667 99
1781245514658 1.322582954584166 100
1781245522106 1.8987236910088117 101
1781245529487 1.524424530739008 102
1781245536772 0.9096520002498183 103
1781245544188 1.2716869975245275 104
1781245551570 0.7506790161132812 105
1781245558860 1.7921105318291242 106
1781245566271 1.5035955739575764 107
1781245573662 1.2290280364280524 108
1781245580944 1.2971379479696585 109
1781245588361 1.3983344144599383 110
1781245595774 1.376021984011628 111
1781245603058 0.9919055672579034 112
1781245610469 1.2923878514489462 113
1781245617846 1.433150091836619 114
1781245625126 1.180187935052916 115
1781245632541 1.976436171420785 116
1781245639928 1.7562937182049418 117
1781245647213 1.4746933870537335 118
1781245654621 2.0226190256517986 119
1781245662024 2.139954322992369 120
1781245669310 1.6132986379224201 121
1781245676715 1.4184604023778162 122
1781245684085 1.3689930050872092 123
1781245691361 1.7104666066724201 124
1781245698812 2.2038056129632992 125
1781245706276 1.5203688865484193 126
1781245713594 1.3846272313317587 127
1781245721003 2.456074736839117 128
1781245728384 2.1226079186727835 129
1781245735699 3.5752918332122094 130
1781245743115 2.537516394326853 131
1781245750546 1.7550696439521258 132
1781245757856 1.3185945555221203 133
1781245765299 1.5323736501294514 134
1781245772678 1.2261904339457668 135
1781245779965 1.5855146896007448 136
1781245787398 0.9020144440406976 137
1781245794773 1.0528436705123547 138
1781245802080 1.4427776780239372 139
1781245809499 1.259748946788699 140
1781245816881 1.234670683395031 141
1781245824181 1.1451622718988463 142
1781245831606 1.6234856538994367 143
1781245838974 1.3578619846077853 144
1781245846253 1.7234834183094114 145
1781245853665 1.2604750699775165 146
1781245861035 1.4423927484556687 147
1781245868350 2.0979837816815046 148
1781245875730 1.527263552643532 149
1781245883098 2.1531278033589207 150
1781245890387 1.179084068120912 151
1781245897788 1.1594079483387083 152
1781245905154 1.6672515869140625 153
1781245912431 1.6198996610419696 154
1781245919880 1.285022025884584 155
1781245927250 1.4604163946107376 156
1781245934526 0.9295130884924601 157
1781245942158 1.1062200679335483 158
1781245949505 1.1699518602947856 159
1781245956975 0.8935978024504906 160
1781245964327 1.0896712901980379 161
1781245971691 1.3929498361986736 162
1781245978972 1.6275480403456577 163
1781245986439 1.4571406342262445 164
1781245993845 1.3243069316065588 165
1781246001136 1.232321717018305 166
1781246008733 1.0441255791242732 167
1781246016110 1.5326452920603197 168
1781246023396 1.21858437116756 169
1781246030803 1.2843082339264627 170
1781246038359 0.9307087743005087 171
1781246045637 1.1254301736521166 172
1781246053065 1.2296914388967115 173
1781246060608 1.0405685957088027 174
1781246068062 1.0475694523301236 175
1781246075456 1.675940757574037 176
1781246082832 1.6990237568700037 177
1781246090123 1.4358800843704578 178
1781246097563 1.2942079943279887 179
1781246105013 1.4722980233125909 180
1781246112308 1.22369384765625 181
1781246119703 1.4664181554040243 182
1781246127068 1.2345372577046239 183
1781246134369 1.2149081562840662 184
1781246141910 1.0890007906181867 185
1781246149308 1.0467557685319768 186
1781246151653 0.9801930272301962 187
