1781244785541 85.60138081395348 1
1781244792776 85.61954941860465 2
1781244800170 85.57412790697676 3
1781244807416 85.546875 4
1781244814813 74.29142441860465 5
1781244822072 85.64680232558139 6
1781244829472 85.6922238372093 7
1781244836719 85.67405523255815 8
1781244844114 33.64825581395349 9
1781244851358 85.60138081395348 10
1781244858823 87.2547238372093 11
1781244866069 89.01707848837209 12
1781244873471 85.59229651162791 13
1781244880721 91.05196220930233 14
1781244888117 85.25617732558139 15
1781244895365 90.80668604651163 16
1781244902763 91.54251453488372 17
1781244910030 90.52507267441861 18
1781244917549 89.37136627906976 19
1781244924857 91.29723837209302 20
1781244932268 88.98982558139535 21
1781244939564 91.09738372093024 22
1781244947001 89.80741279069767 23
1781244954359 90.99745639534885 24
1781244961844 86.42805232558139 25
1781244969148 87.62718023255815 26
1781244976571 86.90043604651163 27
1781244983867 88.63553779069767 28
1781244991291 90.7703488372093 29
1781244998595 90.12536337209302 30
1781245006019 88.37209302325581 31
1781245013314 88.8626453488372 32
1781245020726 88.29033430232558 33
1781245028010 89.09883720930233 34
1781245035419 87.2547238372093 35
1781245042705 88.0359738372093 36
1781245050361 89.2623546511628 37
1781245057779 87.07303779069767 38
1781245065211 85.68313953488372 39
1781245072511 87.71802325581395 40
1781245079934 88.28125 41
1781245087308 90.26162790697676 42
1781245094589 90.30704941860465 43
1781245101999 87.79069767441861 44
1781245109370 87.68168604651163 45
1781245116646 88.22674418604652 46
1781245124059 88.16315406976744 47
1781245131454 87.59992732558139 48
1781245138732 87.95421511627907 49
1781245146140 87.57267441860465 50
1781245153513 87.24563953488372 51
1781245160798 87.82703488372093 52
1781245168209 88.22674418604652 53
1781245175568 88.56286337209302 54
1781245182834 90.00726744186046 55
1781245190239 89.36228197674419 56
1781245197587 88.44476744186046 57
1781245204873 87.06395348837209 58
1781245212314 88.41751453488372 59
1781245219675 88.55377906976744 60
1781245226998 88.78997093023256 61
1781245234400 88.72638081395348 62
1781245241814 87.6907703488372 63
1781245249110 88.65370639534885 64
1781245256543 88.96257267441861 65
1781245263971 87.94513081395348 66
1781245271266 88.46293604651163 67
1781245278721 90.52507267441861 68
1781245286114 88.58103197674419 69
1781245293418 88.43568313953489 70
1781245300846 91.33357558139535 71
1781245308252 92.11482558139535 72
1781245315545 88.05414244186046 73
1781245323045 91.70603197674419 74
1781245330465 86.65515988372093 75
1781245337774 86.83684593023256 76
1781245345224 90.45239825581395 77
1781245352608 89.82558139534885 78
1781245359896 88.71729651162791 79
1781245367320 87.88154069767442 80
1781245374737 87.15479651162791 81
1781245382022 87.3092296511628 82
1781245389453 85.36518895348837 83
1781245396849 87.2547238372093 84
1781245404164 88.79905523255815 85
1781245411595 90.29796511627907 86
1781245418982 89.88917151162791 87
1781245426288 90.57957848837209 88
1781245433719 91.22456395348837 89
1781245441088 89.68023255813954 90
1781245448376 86.9186046511628 91
1781245455831 85.15625 92
1781245463212 87.29106104651163 93
1781245470492 86.17369186046511 94
1781245477913 87.03670058139535 95
1781245485291 87.56359011627907 96
1781245492571 85.78306686046511 97
1781245499991 87.21838662790698 98
1781245507373 87.40915697674419 99
1781245514658 84.73837209302324 100
1781245522107 85.3561046511628 101
1781245529488 82.45821220930233 102
1781245536773 84.1842296511628 103
1781245544189 86.4734738372093 104
1781245551571 87.89970930232558 105
1781245558860 79.74200581395348 106
1781245566272 83.04869186046511 107
1781245573663 84.32049418604652 108
1781245580945 84.16606104651163 109
1781245588362 81.29542151162791 110
1781245595775 81.58611918604652 111
1781245603059 83.13045058139535 112
1781245610470 80.13263081395348 113
1781245617847 79.5421511627907 114
1781245625126 79.65116279069767 115
1781245632542 75.06359011627907 116
1781245639929 74.92732558139535 117
1781245647213 75.54505813953489 118
1781245654622 70.26707848837209 119
1781245662025 67.79614825581395 120
1781245669311 69.27688953488372 121
1781245676716 70.14898255813954 122
1781245684086 72.44731104651163 123
1781245691362 71.84774709302324 124
1781245698813 68.66824127906976 125
1781245706276 72.35646802325581 126
1781245713595 75.5904796511628 127
1781245721004 68.5592296511628 128
1781245728384 69.95821220930233 129
1781245735700 60.147165697674424 130
1781245743116 70.08539244186046 131
1781245750546 73.77361918604652 132
1781245757857 74.42768895348837 133
1781245765300 72.32921511627907 134
1781245772679 76.12645348837209 135
1781245779966 73.01053779069767 136
1781245787399 80.45058139534885 137
1781245794774 78.04324127906976 138
1781245802080 74.86373546511628 139
1781245809499 74.39135174418605 140
1781245816882 74.81831395348837 141
1781245824182 76.77143895348837 142
1781245831606 74.49127906976744 143
1781245838975 77.89789244186046 144
1781245846254 73.61918604651163 145
1781245853666 77.9796511627907 146
1781245861036 75.23619186046511 147
1781245868351 72.73800872093024 148
1781245875731 75.0 149
1781245883099 69.59484011627907 150
1781245890388 74.82739825581395 151
1781245897789 78.79723837209302 152
1781245905155 76.69876453488372 153
1781245912432 75.75399709302324 154
1781245919881 78.17950581395348 155
1781245927251 77.68895348837209 156
1781245934527 80.56867732558139 157
1781245942159 79.86918604651163 158
1781245949505 79.03343023255815 159
1781245956976 81.48619186046511 160
1781245964328 79.89643895348837 161
1781245971692 80.40515988372093 162
1781245978972 78.10683139534885 163
1781245986440 79.70566860465115 164
1781245993846 79.89643895348837 165
1781246001137 80.58684593023256 166
1781246008734 82.99418604651163 167
1781246016111 79.4422238372093 168
1781246023397 80.18713662790698 169
1781246030804 79.78742732558139 170
1781246038359 83.33030523255815 171
1781246045638 81.55886627906976 172
1781246053066 80.47783430232558 173
1781246060609 83.70276162790698 174
1781246068062 84.89280523255815 175
1781246075457 80.28706395348837 176
1781246082833 79.8782703488372 177
1781246090124 81.84956395348837 178
1781246097564 82.75799418604652 179
1781246105020 81.62245639534885 180
1781246112309 83.32122093023256 181
1781246119704 80.12354651162791 182
1781246127069 81.640625 183
1781246134370 81.81322674418605 184
1781246141911 82.88517441860465 185
1781246149309 84.60210755813954 186
1781246151654 85.24709302325581 187
