1780882321792 9.942406851672338 1
1780882324815 9.88178736853958 2
1780882327842 9.821537486227843 3
1780882330890 9.761654951257551 4
1780882333972 9.702137523888743 5
1780882337033 9.642982978037287 6
1780882340083 9.584189101191633 7
1780882343127 9.525753694330053 8
1780882346178 9.467674571838389 9
1780882349242 9.409949561428313 10
1780882352298 9.352576504056076 11
1780882355351 9.29555325384176 12
1780882358403 9.238877677989004 13
1780882361469 9.182547656705248 14
1780882364524 9.126561083122438 15
1780882367575 9.070915863218229 16
1780882370627 9.015609915737661 17
1780882373681 8.96064117211532 18
1780882376735 8.906007576397965 19
1780882379796 8.851707085167629 20
1780882382854 8.797737667465196 21
1780882385909 8.744097304714437 22
1780882388960 8.690783990646509 23
1780882392020 8.637795731224916 24
1780882395079 8.58513054457093 25
1780882398135 8.532786460889461 26
1780882401191 8.480761522395388 27
1780882404241 8.429053783240324 28
1780882407297 8.377661309439848 29
1780882410356 8.326582178801162 30
1780882413410 8.275814480851198 31
1780882416466 8.225356316765163 32
1780882419523 8.175205799295522 33
1780882422576 8.125361052701406 34
1780882425629 8.075820212678455 35
1780882428685 8.02658142628909 36
1780882431739 7.977642851893213 37
1780882434795 7.929002659079321 38
1780882437849 7.880659028596044 39
1780882440904 7.832610152284104 40
1780882443961 7.784854233008684 41
1780882447021 7.73738948459221 42
1780882450074 7.690214131747549 43
1780882453128 7.643326410011603 44
1780882456189 7.596724565679321 45
1780882459244 7.550406855738096 46
1780882462300 7.504371547802585 47
1780882465357 7.458616920049906 48
1780882468410 7.413141261155236 49
1780882471464 7.367942870227816 50
1780882474517 7.323020056747318 51
1780882477573 7.278371140500628 52
1780882480629 7.233994451518995 53
1780882483686 7.189888330015572 54
1780882486740 7.146051126323342 55
1780882489796 7.102481200833407 56
1780882492855 7.059176923933671 57
1780882495912 7.016136675947885 58
