1780882321790 6.861083136664496 1
1780882324814 9.40016089545356 2
1780882327840 8.971243964301216 3
1780882330887 5.154851701524523 4
1780882333968 4.024391598171658 5
1780882337030 4.256070454915364 6
1780882340081 4.271822611490886 7
1780882343124 3.9323399861653647 8
1780882346176 3.7558954026963978 9
1780882349239 4.947823842366536 10
1780882352296 7.0577880011664496 11
1780882355348 3.3631348080105252 12
1780882358400 4.340022616916233 13
1780882361466 6.712493472629124 14
1780882364522 5.153660244411892 15
1780882367573 4.473458607991536 16
1780882370625 4.750473446316189 17
1780882373679 4.523008982340495 18
1780882376732 5.430530548095703 19
1780882379794 4.243668450249566 20
1780882382852 7.074759589301215 21
1780882385906 7.618723551432292 22
1780882388958 5.90192625257704 23
1780882392018 7.463987562391493 24
1780882395077 8.372066073947483 25
1780882398133 8.462410820855034 26
1780882401189 9.881767272949219 27
1780882404239 11.33456759982639 28
1780882407294 9.640493604871962 29
1780882410353 8.354805840386284 30
1780882413408 12.915353563096788 31
1780882416464 11.487057156032986 32
1780882419520 9.399723476833767 33
1780882422574 12.299098544650608 34
1780882425627 13.27988772922092 35
1780882428682 12.787277221679688 36
1780882431736 15.192189534505209 37
1780882434792 15.134143405490452 38
1780882437847 13.209710862901476 39
1780882440901 17.58230929904514 40
1780882443959 16.583204481336807 41
1780882447018 13.962841457790798 42
1780882450072 14.580281575520834 43
1780882453125 16.91684299045139 44
1780882456186 11.791758219401041 45
1780882459240 16.520116170247395 46
1780882462297 14.10591040717231 47
1780882465354 10.149341159396702 48
1780882468408 20.956383599175346 49
1780882471462 20.129114786783855 50
1780882474514 16.997517903645832 51
1780882477570 21.45279100206163 52
1780882480626 14.297281901041666 53
1780882483683 27.245308770073784 54
1780882486737 18.225294325086807 55
1780882489793 19.990719265407986 56
1780882492853 15.063278198242188 57
1780882495909 22.595380995008682 58
