1780882321791 51.3671875 1
1780882324814 49.4140625 2
1780882327840 13.28125 3
1780882330888 35.3515625 4
1780882333969 48.65451388888889 5
1780882337031 49.17534722222222 6
1780882340081 48.80642361111111 7
1780882343125 49.50086805555556 8
1780882346176 49.50086805555556 9
1780882349240 49.56597222222222 10
1780882352296 49.34895833333333 11
1780882355349 49.56597222222222 12
1780882358401 49.54427083333333 13
1780882361467 49.50086805555556 14
1780882364523 49.54427083333333 15
1780882367574 49.63107638888889 16
1780882370626 49.47916666666667 17
1780882373679 49.56597222222222 18
1780882376733 49.28385416666667 19
1780882379795 49.609375 20
1780882382853 49.609375 21
1780882385907 49.69618055555556 22
1780882388959 49.50086805555556 23
1780882392019 49.56597222222222 24
1780882395078 49.37065972222222 25
1780882398134 49.37065972222222 26
1780882401189 49.50086805555556 27
1780882404240 49.45746527777778 28
1780882407295 49.56597222222222 29
1780882410354 49.50086805555556 30
1780882413408 49.63107638888889 31
1780882416464 49.58767361111111 32
1780882419521 49.32725694444444 33
1780882422575 49.54427083333333 34
1780882425627 49.4140625 35
1780882428683 49.47916666666667 36
1780882431737 49.43576388888889 37
1780882434793 49.45746527777778 38
1780882437848 49.54427083333333 39
1780882440902 49.45746527777778 40
1780882443960 49.45746527777778 41
1780882447019 49.52256944444444 42
1780882450072 49.56597222222222 43
1780882453126 49.37065972222222 44
1780882456187 49.52256944444444 45
1780882459242 49.43576388888889 46
1780882462298 49.56597222222222 47
1780882465355 49.32725694444444 48
1780882468409 49.52256944444444 49
1780882471463 49.54427083333333 50
1780882474515 49.30555555555556 51
1780882477571 49.609375 52
1780882480627 49.54427083333333 53
1780882483684 49.609375 54
1780882486738 49.67447916666667 55
1780882489794 49.4140625 56
1780882492853 49.37065972222222 57
1780882495910 49.50086805555556 58
