1780898580462 95.64615885416666 1
1780898588216 99.25130208333334 2
1780898596029 99.52799479166666 3
1780898603629 99.37337239583334 4
1780898611301 96.98893229166666 5
1780898618949 99.10481770833334 6
1780898626617 99.23502604166666 7
1780898634278 99.3408203125 8
1780898641945 99.4384765625 9
1780898649608 99.30013020833334 10
1780898657271 99.35709635416666 11
1780898665220 99.61751302083334 12
1780898672823 99.20247395833334 13
1780898680488 99.28385416666666 14
1780898688140 99.4140625 15
1780898695812 99.69075520833334 16
1780898703470 99.12109375 17
1780898711147 99.66634114583334 18
1780898718795 99.37337239583334 19
1780898726467 99.60123697916666 20
1780898734124 99.44661458333334 21
1780898741797 99.65006510416666 22
1780898749446 99.56868489583334 23
1780898757117 99.40592447916666 24
1780898764777 99.609375 25
1780898772675 99.69075520833334 26
1780898780275 99.16178385416666 27
1780898787943 99.365234375 28
1780898795603 99.61751302083334 29
1780898803257 99.55240885416666 30
1780898810916 99.609375 31
1780898818855 99.70703125 32
1780898826447 99.51985677083334 33
1780898834111 99.64192708333334 34
1780898841997 99.69075520833334 35
1780898849592 99.43033854166666 36
1780898857239 99.73958333333334 37
1780898864884 99.67447916666666 38
1780898872538 99.54427083333334 39
1780898880180 99.365234375 40
1780898887836 99.609375 41
1780898893713 99.658203125 42
