1780898580463 0.6602242813933523 1
1780898588217 0.6602242813933523 2
1780898596030 0.6602242813933523 3
1780898603630 0.6602242813933523 4
1780898611303 0.6602242813933523 5
1780898618951 0.6602242813933523 6
1780898626619 0.6602242813933523 7
1780898634279 0.6602242813933523 8
1780898641947 0.6602242813933523 9
1780898649610 0.6602242813933523 10
1780898657273 0.6602242813933523 11
1780898665222 0.6602242813933523 12
1780898672824 0.6602242813933523 13
1780898680490 0.6602242813933523 14
1780898688142 0.6602242813933523 15
1780898695814 0.6602242813933523 16
1780898703472 0.6602242813933523 17
1780898711149 0.6602242813933523 18
1780898718796 0.6602242813933523 19
1780898726468 0.6602242813933523 20
1780898734125 0.6602242813933523 21
1780898741798 0.6602242813933523 22
1780898749447 0.6602242813933523 23
1780898757119 0.6602242813933523 24
1780898764779 0.6602242813933523 25
1780898772676 0.6602242813933523 26
1780898780276 0.6602242813933523 27
1780898787945 0.6602242813933523 28
1780898795604 0.6602242813933523 29
1780898803258 0.6602242813933523 30
1780898810918 0.6602242813933523 31
1780898818856 0.6602242813933523 32
1780898826448 0.6602242813933523 33
1780898834112 0.6602242813933523 34
1780898841998 0.6602242813933523 35
1780898849593 0.6602242813933523 36
1780898857240 0.6602242813933523 37
1780898864886 0.6602242813933523 38
1780898872540 0.6602242813933523 39
1780898880182 0.6602242813933523 40
1780898887838 0.6602242813933523 41
1780898893714 0.6602242813933523 42
