1780898580461 0.0903094510237376 1
1780898588215 0.02184698482354482 2
1780898596028 0.01691552499930064 3
1780898603628 0.02109566330909729 4
1780898611300 0.05648021399974823 5
1780898618948 0.023043110966682434 6
1780898626616 0.020121450225512188 7
1780898634277 0.01853968823949496 8
1780898641944 0.015878163278102875 9
1780898649607 0.01700558513402939 10
1780898657270 0.01733057697614034 11
1780898665219 0.014527183026075363 12
1780898672823 0.022706111272176106 13
1780898680487 0.01562149946888288 14
1780898688140 0.014519307762384415 15
1780898695811 0.010283955683310827 16
1780898703469 0.026292805870374043 17
1780898711146 0.01128032679359118 18
1780898718794 0.014912822594245275 19
1780898726466 0.012469725062449774 20
1780898734123 0.0135955810546875 21
1780898741796 0.01020292192697525 22
1780898749445 0.010880356033643087 23
1780898757116 0.013588011264801025 24
1780898764776 0.010647453367710114 25
1780898772674 0.009553670883178711 26
1780898780274 0.017111303905646007 27
1780898787942 0.012833941727876663 28
1780898795602 0.010971085478862127 29
1780898803256 0.010750876118739447 30
1780898810916 0.011573544392983118 31
1780898818854 0.008305316170056662 32
1780898826446 0.010263107717037201 33
1780898834110 0.008494918545087179 34
1780898841996 0.010660719126462936 35
1780898849592 0.014172191421190897 36
1780898857238 0.00890791912873586 37
1780898864883 0.010029538224140802 38
1780898872538 0.011553257703781128 39
1780898880179 0.013406327615181604 40
1780898887835 0.009477863709131876 41
1780898893713 0.008095764244596163 42
