1780897219095 9.841579852961056 1
1780897227237 9.682379131307965 2
1780897235387 9.525753694330053 3
1780897243541 9.371661883352097 4
1780897251696 9.220062713583685 5
1780897259849 9.070915863218229 6
1780897268003 8.924181662708305 7
1780897276153 8.7798210842145 8
1780897284307 8.637795731224916 9
1780897292461 8.49806782834261 10
1780897300611 8.360600211238228 11
1780897308768 8.225356316765163 12
1780897316918 8.092300173234626 13
1780897325079 7.961396390848025 14
1780897333225 7.832610152284104 15
1780897341385 7.705907203438368 16
1780897349534 7.581253844312289 17
1780897357684 7.458616920049906 18
1780897365831 7.33796381211941 19
1780897373980 7.219262429637389 20
1780897382142 7.102481200833407 21
1780897390291 6.987589064652651 22
1780897398441 6.87455546249443 23
1780897406606 6.76335033008431 24
1780897414755 6.653944089477713 25
1780897422906 6.546307641192893 26
1780897431053 6.440412356471153 27
1780897439214 6.336230069662273 28
1780897447362 6.233733070733107 29
1780897455521 6.132894097897373 30
1780897463667 6.033686330364655 31
1780897471825 5.936083381206708 32
1780897480024 5.840059290339154 33
1780897488156 5.745588517616714 34
1780897496307 5.6526459360401295 35
1780897504461 5.5612068250729765 36
1780897512614 5.471246864066581 37
1780897520769 5.382742125791299 38
1780897528923 5.2956690700724405 39
1780897537065 5.210004537529139 40
1780897545224 5.125725743414496 41
1780897553375 5.042810271555384 42
1780897561528 4.961236068390259 43
1780897569675 4.880981437103451 44
1780897577825 4.802025031854306 45
1780897585971 4.724345852099707 46
1780897594134 4.647923237008414 47
1780897602284 4.572736859965781 48
1780897610445 4.498766723167348 49
1780897618598 4.425993152299895 50
1780897626747 4.354396791308547 51
1780897634897 4.2839585972485095 52
1780897643048 4.214659835220101 53
1780897651203 4.146482073385709 54
1780897659361 4.079407178067353 55
1780897667509 4.0134173089235565 56
1780897675658 3.9484949142042374 57
1780897683818 3.8846227260823536 58
1780897691966 3.821783756061068 59
1780897700117 3.7599612904552107 60
1780897708275 3.6991388859458314 61
1780897716424 3.6393003652066636 62
1780897724570 3.580429812601338 63
1780897732720 3.5225115699501974 64
1780897740867 3.465530232365591 65
1780897749069 3.409470644154537 66
1780897757195 3.354317894787664 67
1780897765342 3.3000573149333627 68
1780897773498 3.2466744725560917 69
1780897781655 3.19415516907779 70
1780897789810 3.142485435601397 71
1780897797963 3.091651529195451 72
1780897806121 3.0416399292387926 73
1780897814271 2.992437333824401 74
1780897822424 2.9440306562213974 75
1780897830572 2.896407021394287 76
1780897838734 2.8495537625784975 77
1780897846882 2.8034584179113207 78
1780897855041 2.7581087271173543 79
1780897863196 2.7134926282475513 80
1780897871341 2.6695982544710306 81
1780897879495 2.6264139309187757 82
1780897887650 2.5839281715783997 83
1780897895804 2.5421296762391314 84
1780897903951 2.5010073274862283 85
1780897912107 2.460550187744007 86
1780897920257 2.4207474963667037 87
1780897928405 2.381588666776398 88
1780897936565 2.34306328364723 89
1780897944713 2.305161100135172 90
1780897952860 2.2678720351526085 91
1780897961009 2.2311861706870033 92
1780897969164 2.1950937491629436 93
1780897977319 2.159585170846853 94
1780897985473 2.1246509912936897 95
1780897993622 2.090281918834948 96
1780898001774 2.056468812107291 97
1780898009928 2.0232026776211645 98
1780898018113 1.990474667368741 99
1780898026244 1.9582760764705573 100
1780898034397 1.9265983408602227 101
1780898042552 1.8954330350065791 102
1780898050699 1.8647718696727058 103
1780898058855 1.834606689711182 104
1780898067003 1.8049294718950066 105
1780898075167 1.7757323227836102 106
1780898083314 1.7470074766233858 107
1780898091469 1.718747293282181 108
1780898099627 1.6909442562172028 109
1780898107780 1.6635909704757947 110
1780898115933 1.636680160728554 111
1780898124086 1.6102046693342644 112
1780898132237 1.5841574544361336 113
1780898140397 1.558531588088824 114
1780898148546 1.5333202544157831 115
1780898156701 1.508516747796381 116
1780898164850 1.4841144710823737 117
1780898173002 1.4601069338432158 118
1780898181161 1.4364877506397602 119
1780898189313 1.4132506393258824 120
1780898197459 1.3903894193775752 121
1780898205620 1.3678980102490768 122
1780898213771 1.3457704297555897 123
1780898221935 1.3240007924821575 124
1780898230087 1.3025833082182867 125
1780898238233 1.2815122804178845 126
1780898246397 1.260782104684113 127
1780898254557 1.2403872672787526 128
1780898262706 1.220322343655675 129
1780898270861 1.200581997018044 130
1780898279012 1.1811609768988531 131
1780898287203 1.1620541177644235 132
1780898295337 1.1432563376404956 133
1780898303494 1.1247626367605421 134
1780898311649 1.1065680962359499 135
1780898319792 1.0886678767477092 136
1780898327949 1.0710572172592707 137
1780898336105 1.053731433750221 138
1780898344262 1.0366859179704444 139
1780898352411 1.0199161362144356 140
1780898360564 1.0034176281154419 141
1780898368850 0.9871860054591111 142
1780898376967 0.9712169510163289 143
1780898385126 0.9555062173949389 144
1780898393282 0.9400496259100339 145
1780898401431 0.9248430654725277 146
1780898409582 0.9098824914956999 147
1780898417742 0.8951639248194314 148
1780898425907 0.8806834506518424 149
1780898434054 0.8664372175280494 150
1780898442205 0.8524214362857664 151
1780898450367 0.8386323790574772 152
1780898458522 0.8250663782789103 153
1780898466672 0.8117198257135532 154
1780898474821 0.7985891714929466 155
1780898482974 0.7856709231725035 156
1780898491136 0.7729616448026004 157
1780898499287 0.7604579560146961 158
1780898507444 0.7481565311222333 159
1780898515592 0.7360540982360848 160
1780898523751 0.7241474383943072 161
1780898531907 0.7124333847059733 162
1780898540061 0.7009088215088541 163
1780898548215 0.6895706835407256 164
1780898556399 0.6784159551240815 165
1780898564537 0.6674416693640335 166
1780898570742 0.6602242813933523 167
