1780897219093 16.465370178222656 1
1780897227235 180.7121378580729 2
1780897235385 241.6525675455729 3
1780897243539 142.1598103841146 4
1780897251693 168.49539184570312 5
1780897259847 73.33390808105469 6
1780897268001 391.8271484375 7
1780897276151 130.07138061523438 8
1780897284305 116.23077392578125 9
1780897292459 39.19018300374349 10
1780897300609 56.66656494140625 11
1780897308765 54.13209533691406 12
1780897316916 115.900390625 13
1780897325077 90.2747802734375 14
1780897333223 157.49470011393228 15
1780897341382 209.2178751627604 16
1780897349532 116.72400919596355 17
1780897357682 119.12815348307292 18
1780897365829 137.73075358072916 19
1780897373978 155.9876708984375 20
1780897382140 126.36079915364583 21
1780897390289 104.65447998046875 22
1780897398439 91.29241943359375 23
1780897406603 211.2364705403646 24
1780897414753 151.90850830078125 25
1780897422903 126.30312093098958 26
1780897431051 112.12879435221355 27
1780897439212 115.9573465983073 28
1780897447360 217.4974161783854 29
1780897455519 210.5457560221354 30
1780897463665 185.33028157552084 31
1780897471823 205.9387003580729 32
1780897480022 238.72819010416666 33
1780897488154 228.0056355794271 34
1780897496304 198.6598103841146 35
1780897504459 240.6808064778646 36
1780897512612 200.5700480143229 37
1780897520766 284.09254964192706 38
1780897528921 269.0701497395833 39
1780897537063 116.43539428710938 40
1780897545221 126.99148559570312 41
1780897553373 96.10190836588542 42
1780897561525 109.66457112630208 43
1780897569673 119.641357421875 44
1780897577823 47.70801798502604 45
1780897585968 121.20123291015625 46
1780897594132 89.16896565755208 47
1780897602282 53.738566080729164 48
1780897610443 60.749471028645836 49
1780897618596 73.00100199381511 50
1780897626745 75.28536987304688 51
1780897634895 89.6993916829427 52
1780897643046 136.3951212565104 53
1780897651201 129.17611694335938 54
1780897659359 153.29358927408853 55
1780897667507 151.55078125 56
1780897675656 132.96401977539062 57
1780897683815 54.04183451334635 58
1780897691964 47.45746866861979 59
1780897700114 64.04862976074219 60
1780897708273 48.94935099283854 61
1780897716422 64.22890218098958 62
1780897724568 65.4076436360677 63
1780897732718 59.83922831217448 64
1780897740865 74.121826171875 65
1780897749067 78.7585957845052 66
1780897757193 89.05738321940105 67
1780897765340 73.60073852539062 68
1780897773496 18.481924692789715 69
1780897781653 12.521593729654947 70
1780897789807 21.29040781656901 71
1780897797961 14.664075215657553 72
1780897806119 19.0591303507487 73
1780897814269 14.215956370035807 74
1780897822421 17.669536590576172 75
1780897830570 17.244029998779297 76
1780897838732 15.294097900390625 77
1780897846880 13.644797007242838 78
1780897855039 11.52426783243815 79
1780897863194 16.386428833007812 80
1780897871339 16.363690694173176 81
1780897879493 16.476577758789062 82
1780897887647 21.683316548665363 83
1780897895802 16.98895772298177 84
1780897903949 12.929246266682943 85
1780897912105 25.087473551432293 86
1780897920255 28.5749028523763 87
1780897928403 19.494295756022137 88
1780897936563 8.851492563883463 89
1780897944711 16.900152842203777 90
1780897952858 10.370632807413736 91
1780897961007 11.18008804321289 92
1780897969162 14.19806162516276 93
1780897977317 15.785690307617188 94
1780897985471 8.955297470092773 95
1780897993620 8.44333585103353 96
1780898001772 12.258981068929037 97
1780898009925 10.083827336629232 98
1780898018111 4.019309043884277 99
1780898026242 9.470256169637045 100
1780898034394 9.595463434855143 101
1780898042550 5.789146423339844 102
1780898050697 9.281689961751303 103
1780898058853 7.654077529907227 104
1780898067001 5.333077112833659 105
1780898075164 6.865071614583333 106
1780898083312 6.357372919718425 107
1780898091467 5.145730018615723 108
1780898099625 4.116977691650391 109
1780898107778 4.860475540161133 110
1780898115931 5.3339080810546875 111
1780898124084 6.788873672485352 112
1780898132235 6.899169921875 113
1780898140394 4.952102025349935 114
1780898148544 5.875335693359375 115
1780898156699 4.643553415934245 116
1780898164847 4.137981096903483 117
1780898172999 8.392918904622396 118
1780898181159 2.3472251892089844 119
1780898189311 3.046305020650228 120
1780898197457 4.408926963806152 121
1780898205618 2.8965171178181968 122
1780898213769 4.839556376139323 123
1780898221933 3.470270792643229 124
1780898230085 4.25802739461263 125
1780898238231 4.884484926859538 126
1780898246395 4.198145230611165 127
1780898254555 2.9995762507120767 128
1780898262704 2.991689682006836 129
1780898270859 4.044171651204427 130
1780898279010 3.30802059173584 131
1780898287201 3.1762733459472656 132
1780898295335 3.19276491800944 133
1780898303492 3.3444897333780923 134
1780898311647 2.983456611633301 135
1780898319790 4.820470492045085 136
1780898327947 4.859464963277181 137
1780898336103 3.826615651448568 138
1780898344260 3.960105578104655 139
1780898352409 3.990907669067383 140
1780898360561 3.6387058893839517 141
1780898368847 4.894336064656575 142
1780898376966 3.644475301106771 143
1780898385124 4.958364168802897 144
1780898393280 6.022314707438151 145
1780898401428 4.859126091003418 146
1780898409580 3.8298746744791665 147
1780898417740 3.841623624165853 148
1780898425905 3.6884244283040366 149
1780898434052 4.400245348612468 150
1780898442203 4.828043301900228 151
1780898450365 6.023366928100586 152
1780898458520 5.452431996663411 153
1780898466670 3.4734697341918945 154
1780898474819 3.8999786376953125 155
1780898482971 3.815587361653646 156
1780898491134 5.001585960388184 157
1780898499285 4.5486501057942705 158
1780898507442 4.79701296488444 159
1780898515590 5.1863358815511065 160
1780898523748 5.40489133199056 161
1780898531905 5.878974278767903 162
1780898540059 7.150662104288737 163
1780898548212 5.333519617716472 164
1780898556397 5.449985504150391 165
1780898564535 5.092721939086914 166
1780898570741 6.160910288492839 167
