1780897219093 71.38671875 1
1780897227236 71.38671875 2
1780897235386 71.42740885416666 3
1780897243540 71.40299479166666 4
1780897251694 71.35416666666666 5
1780897259848 71.29720052083334 6
1780897268002 71.32161458333334 7
1780897276152 28.0517578125 8
1780897284306 71.3623046875 9
1780897292459 70.7275390625 10
1780897300610 71.37044270833334 11
1780897308766 71.38671875 12
1780897316917 71.34602864583334 13
1780897325078 71.38671875 14
1780897333223 71.34602864583334 15
1780897341383 71.40299479166666 16
1780897349533 71.32975260416666 17
1780897357683 71.3623046875 18
1780897365830 71.3623046875 19
1780897373979 71.3623046875 20
1780897382141 71.337890625 21
1780897390290 71.32975260416666 22
1780897398439 71.54134114583334 23
1780897406604 71.337890625 24
1780897414753 71.337890625 25
1780897422904 71.32975260416666 26
1780897431051 71.39485677083334 27
1780897439213 71.34602864583334 28
1780897447360 71.37858072916666 29
1780897455520 71.34602864583334 30
1780897463666 71.30533854166666 31
1780897471824 71.39485677083334 32
1780897480023 71.38671875 33
1780897488155 71.37858072916666 34
1780897496305 71.37044270833334 35
1780897504460 71.3623046875 36
1780897512613 71.3623046875 37
1780897520767 71.40299479166666 38
1780897528921 71.32975260416666 39
1780897537064 71.37858072916666 40
1780897545222 71.34602864583334 41
1780897553374 71.38671875 42
1780897561526 71.3623046875 43
1780897569673 71.39485677083334 44
1780897577824 71.37044270833334 45
1780897585969 71.39485677083334 46
1780897594133 71.37044270833334 47
1780897602282 74.28385416666666 48
1780897610444 74.84537760416666 49
1780897618597 71.39485677083334 50
1780897626746 71.39485677083334 51
1780897634895 71.37044270833334 52
1780897643046 71.40299479166666 53
1780897651202 71.35416666666666 54
1780897659360 71.32975260416666 55
1780897667508 71.37858072916666 56
1780897675656 71.39485677083334 57
1780897683816 71.3623046875 58
1780897691964 71.435546875 59
1780897700115 71.35416666666666 60
1780897708274 71.40299479166666 61
1780897716423 71.3134765625 62
1780897724568 71.34602864583334 63
1780897732719 71.337890625 64
1780897740865 71.34602864583334 65
1780897749068 71.34602864583334 66
1780897757193 71.37044270833334 67
1780897765341 71.34602864583334 68
1780897773497 71.37044270833334 69
1780897781654 71.35416666666666 70
1780897789808 71.3623046875 71
1780897797962 71.728515625 72
1780897806119 80.59895833333334 73
1780897814270 84.0087890625 74
1780897822422 79.6630859375 75
1780897830571 71.27278645833334 76
1780897838732 71.13444010416666 77
1780897846881 71.95638020833334 78
1780897855039 71.25651041666666 79
1780897863195 71.41927083333334 80
1780897871340 71.30533854166666 81
1780897879494 71.8994140625 82
1780897887648 71.38671875 83
1780897895803 71.37044270833334 84
1780897903950 71.34602864583334 85
1780897912106 71.37044270833334 86
1780897920255 71.337890625 87
1780897928404 72.3388671875 88
1780897936564 72.57486979166666 89
1780897944712 71.6064453125 90
1780897952859 78.08430989583334 91
1780897961008 80.859375 92
1780897969163 80.97330729166666 93
1780897977318 71.2158203125 94
1780897985472 73.16080729166666 95
1780897993620 77.2216796875 96
1780898001772 71.8505859375 97
1780898009926 76.77408854166666 98
1780898018111 74.3408203125 99
1780898026242 73.3642578125 100
1780898034395 72.59928385416666 101
1780898042551 77.18098958333334 102
1780898050698 70.84147135416666 103
1780898058854 73.45377604166666 104
1780898067002 77.9541015625 105
1780898075165 75.35807291666666 106
1780898083313 74.7802734375 107
1780898091467 73.23404947916666 108
1780898099626 71.80989583333334 109
1780898107778 71.64713541666666 110
1780898115932 74.49544270833334 111
1780898124085 77.11588541666666 112
1780898132236 73.22591145833334 113
1780898140395 71.09375 114
1780898148545 70.57291666666666 115
1780898156700 69.85677083333334 116
1780898164848 73.3642578125 117
1780898173000 65.83658854166666 118
1780898181160 74.2919921875 119
1780898189312 73.828125 120
1780898197458 73.2421875 121
1780898205619 71.32975260416666 122
1780898213770 71.61458333333334 123
1780898221934 71.17513020833334 124
1780898230086 69.61263020833334 125
1780898238231 68.63606770833334 126
1780898246396 70.51595052083334 127
1780898254556 68.54654947916666 128
1780898262705 64.61588541666666 129
1780898270859 66.98404947916666 130
1780898279011 65.80403645833334 131
1780898287202 63.96484375 132
1780898295335 59.366861979166664 133
1780898303492 63.2568359375 134
1780898311648 63.802083333333336 135
1780898319791 66.12955729166666 136
1780898327947 65.53548177083334 137
1780898336104 63.330078125 138
1780898344261 63.053385416666664 139
1780898352410 62.141927083333336 140
1780898360562 60.6201171875 141
1780898368848 63.273111979166664 142
1780898376966 63.126627604166664 143
1780898385125 54.402669270833336 144
1780898393280 51.163736979166664 145
1780898401429 52.156575520833336 146
1780898409580 54.899088541666664 147
1780898417741 56.998697916666664 148
1780898425906 56.730143229166664 149
1780898434053 54.581705729166664 150
1780898442204 55.143229166666664 151
1780898450365 52.587890625 152
1780898458521 52.042643229166664 153
1780898466671 60.15625 154
1780898474820 56.54296875 155
1780898482972 59.187825520833336 156
1780898491135 55.5908203125 157
1780898499285 55.379231770833336 158
1780898507443 56.136067708333336 159
1780898515591 52.400716145833336 160
1780898523749 52.400716145833336 161
1780898531906 52.335611979166664 162
1780898540060 50.838216145833336 163
1780898548213 52.384440104166664 164
1780898556398 53.8330078125 165
1780898564536 53.173828125 166
1780898570741 54.329427083333336 167
