1780714222796 0.6604486390020734 1
1780714226059 0.6604486390020734 2
1780714229447 0.6604486390020734 3
1780714232695 0.6604486390020734 4
1780714235954 0.6604486390020734 5
1780714239324 0.6604486390020734 6
1780714242592 0.6604486390020734 7
1780714245848 0.6604486390020734 8
1780714249071 0.6604486390020734 9
1780714252336 0.6604486390020734 10
1780714255598 0.6604486390020734 11
1780714258805 0.6604486390020734 12
1780714262285 0.6604486390020734 13
1780714265542 0.6604486390020734 14
1780714268749 0.6604486390020734 15
1780714272003 0.6604486390020734 16
1780714275251 0.6604486390020734 17
1780714278466 0.6604486390020734 18
1780714281736 0.6604486390020734 19
1780714284997 0.6604486390020734 20
1780714288217 0.6604486390020734 21
1780714291469 0.6604486390020734 22
1780714294880 0.6604486390020734 23
1780714298089 0.6604486390020734 24
1780714301358 0.6604486390020734 25
1780714304615 0.6604486390020734 26
1780714307831 0.6604486390020734 27
1780714311260 0.6604486390020734 28
1780714314517 0.6604486390020734 29
1780714317877 0.6604486390020734 30
1780714321122 0.6604486390020734 31
1780714324377 0.6604486390020734 32
1780714327603 0.6604486390020734 33
1780714330859 0.6604486390020734 34
1780714334109 0.6604486390020734 35
1780714337317 0.6604486390020734 36
1780714340589 0.6604486390020734 37
1780714343838 0.6604486390020734 38
1780714347051 0.6604486390020734 39
1780714350316 0.6604486390020734 40
1780714353566 0.6604486390020734 41
1780714356785 0.6604486390020734 42
1780714360047 0.6604486390020734 43
1780714363295 0.6604486390020734 44
1780714366499 0.6604486390020734 45
1780714369758 0.6604486390020734 46
1780714373011 0.6604486390020734 47
1780714376213 0.6604486390020734 48
1780714379470 0.6604486390020734 49
1780714382717 0.6604486390020734 50
