1780714222795 89.8828125 1
1780714226057 62.24609375 2
1780714229446 93.02734375 3
1780714232693 91.6015625 4
1780714235953 73.59375 5
1780714239323 96.89453125 6
1780714242591 83.1640625 7
1780714245847 92.55859375 8
1780714249070 79.27734375 9
1780714252335 92.01171875 10
1780714255596 96.73828125 11
1780714258804 98.10546875 12
1780714262283 98.49609375 13
1780714265541 93.73046875 14
1780714268748 86.6796875 15
1780714272002 94.765625 16
1780714275250 89.375 17
1780714278465 98.14453125 18
1780714281734 96.11328125 19
1780714284996 96.40625 20
1780714288215 99.1015625 21
1780714291468 96.7578125 22
1780714294879 99.27734375 23
1780714298088 99.4140625 24
1780714301357 97.08984375 25
1780714304614 96.71875 26
1780714307830 98.37890625 27
1780714311259 98.96484375 28
1780714314516 98.75 29
1780714317875 99.35546875 30
1780714321120 96.07421875 31
1780714324376 99.43359375 32
1780714327602 89.43359375 33
1780714330858 99.16015625 34
1780714334108 98.53515625 35
1780714337316 97.890625 36
1780714340588 98.7890625 37
1780714343837 99.58984375 38
1780714347050 99.12109375 39
1780714350315 97.8125 40
1780714353565 99.90234375 41
1780714356783 99.58984375 42
1780714360045 98.7109375 43
1780714363294 98.5546875 44
1780714366498 85.625 45
1780714369756 98.6328125 46
1780714373010 95.0390625 47
1780714376212 96.30859375 48
1780714379469 98.33984375 49
1780714382715 94.7265625 50
