1780714222794 0.26239991188049316 1
1780714226057 2.1717504501342773 2
1780714229446 0.1657480001449585 3
1780714232693 0.20973334312438965 4
1780714235952 1.2670660972595216 5
1780714239322 0.08566420078277588 6
1780714242590 0.4874448776245117 7
1780714245846 0.21952133178710936 8
1780714249069 0.4252302169799805 9
1780714252334 0.2315739870071411 10
1780714255596 0.09003213047981262 11
1780714258803 0.05205643177032471 12
1780714262283 0.04838836491107941 13
1780714265540 0.17170666456222533 14
1780714268747 0.3903433561325073 15
1780714272001 0.1522141933441162 16
1780714275250 0.35196890830993655 17
1780714278464 0.04325445592403412 18
1780714281734 0.1181527853012085 19
1780714284996 0.09669910073280334 20
1780714288215 0.020409509539604187 21
1780714291467 0.09412912130355836 22
1780714294878 0.02581896781921387 23
1780714298087 0.017931170761585236 24
1780714301356 0.07188023924827576 25
1780714304613 0.08615188598632813 26
1780714307829 0.037213125824928285 27
1780714311258 0.026770463585853575 28
1780714314515 0.02980442941188812 29
1780714317875 0.018094679713249205 30
1780714321120 0.15422059297561647 31
1780714324375 0.016466060280799867 32
1780714327601 0.35252320766448975 33
1780714330857 0.02290942519903183 34
1780714334107 0.038641297817230226 35
1780714337316 0.061964118480682374 36
1780714340587 0.0296003520488739 37
1780714343836 0.011338647454977036 38
1780714347050 0.0244328036904335 39
1780714350314 0.05781375765800476 40
1780714353565 0.00307118184864521 41
1780714356783 0.01030372381210327 42
1780714360045 0.03159956634044647 43
1780714363293 0.04236956238746643 44
1780714366497 0.7325817584991455 45
1780714369756 0.03513069152832031 46
1780714373010 0.15465742349624634 47
1780714376211 0.09232833385467529 48
1780714379468 0.04350316524505615 49
1780714382715 0.184479820728302 50
