1780713531696 9.871720115792458 1
1780713535135 9.73846602312333 2
1780713538524 9.607010669985385 3
1780713541960 9.477329775969402 4
1780713545404 9.349399388416924 5
1780713548804 9.223195877996107 6
1780713552250 9.098695934337265 7
1780713555690 8.97587656172734 8
1780713559091 8.854715074862488 9
1780713562541 8.735189094657999 10
1780713565992 8.617276544114779 11
1780713569399 8.500955644241614 12
1780713572851 8.386204910032514 13
1780713576289 8.273003146498311 14
1780713579708 8.161329444751857 15
1780713583164 8.051163178146055 16
1780713586615 7.942483998464022 17
1780713590024 7.835271832160679 18
1780713593467 7.729506876655075 19
1780713596926 7.625169596672762 20
1780713600331 7.522240720637536 21
1780713603782 7.420701237111888 22
1780713607229 7.320532391285504 23
1780713610634 7.221715681511169 24
1780713614087 7.124232855887427 25
1780713617523 7.028065908887363 26
1780713620930 6.93319707803291 27
1780713624377 6.839608840614027 28
1780713627824 6.747283910452188 29
1780713631240 6.656205234707526 30
1780713634694 6.566355990729111 31
1780713638151 6.477719582947724 32
1780713641558 6.390279639810574 33
1780713645008 6.304020010757405 34
1780713648450 6.218924763237407 35
1780713651857 6.134978179766401 36
1780713655313 6.052164755023752 37
1780713658768 5.970469192988459 38
1780713662172 5.889876404113914 39
1780713665669 5.810371502540789 40
1780713669119 5.731939803347555 41
1780713672533 5.654566819838102 42
1780713675977 5.578238260865986 43
1780713679409 5.502940028194785 44
1780713682800 5.42865821389409 45
1780713686255 5.3553790977706495 46
1780713689697 5.283089144834179 47
1780713693094 5.2117750027973955 48
1780713696541 5.14142349960978 49
1780713699988 5.072021641024648 50
1780713703392 5.003556608199041 51
1780713706844 4.93601575532604 52
1780713710285 4.869386607299015 53
1780713713695 4.8036568574074225 54
1780713717157 4.738814365063698 55
1780713720610 4.674847153560831 56
1780713724024 4.611743407860217 57
1780713727491 4.5494914724093585 58
1780713730944 4.488079848989038 59
1780713734349 4.42749719458954 60
1780713737817 4.367732319315543 61
1780713741273 4.308774184319299 62
1780713744686 4.250611899761707 63
1780713748175 4.193234722800904 64
1780713751626 4.136632055608017 65
1780713755037 4.080793443409698 66
1780713758502 4.025708572557073 67
1780713761939 3.971367268620767 68
1780713765343 3.917759494511639 69
1780713768806 3.8648753486268865 70
1780713772268 3.812705063021173 71
1780713775682 3.7612390016024437 72
1780713779147 3.7104676583520946 73
1780713782609 3.6603816555691675 74
1780713786028 3.610971742138246 75
1780713789491 3.562228791820731 76
1780713792942 3.5141438015691797 77
1780713796361 3.466707889864409 78
1780713799828 3.419912295075029 79
1780713803307 3.373748373839136 80
1780713806721 3.3282075994678406 81
1780713810182 3.283281560370349 82
1780713813628 3.238961958500304 83
1780713817054 3.1952406078230986 84
1780713820519 3.1521094328038766 85
1780713823973 3.1095604669159425 86
1780713827392 3.0675858511693117 87
1780713830857 3.0261778326591147 88
1780713834327 2.9853287631336007 89
1780713837741 2.9450310975814724 90
1780713841211 2.905277392838286 91
1780713844666 2.866060306211664 92
1780713848084 2.827372594125068 93
1780713851546 2.7892071107798735 94
1780713855005 2.7515568068355116 95
1780713858428 2.7144147281074216 96
1780713861888 2.677774014282581 97
1780713865352 2.641627897652374 98
1780713868769 2.605969701862565 99
1780713872238 2.5707928406801446 100
1780713875688 2.5360908167768237 101
1780713879134 2.501857220528944 102
1780713882630 2.4680857288335956 103
1780713886091 2.434770103940705 104
1780713889521 2.401904192300898 105
1780713893001 2.3694819234289097 106
1780713896461 2.33749730878234 107
1780713899894 2.305944440655536 108
1780713903372 2.2748174910884176 109
1780713906843 2.244110710790026 110
1780713910275 2.2138184280766002 111
1780713913806 2.1839350478239923 112
1780713917293 2.1544550504342226 113
1780713920743 2.125372990815985 114
1780713924251 2.096683497378911 115
1780713927722 2.068381271041416 116
1780713931175 2.040461084251931 117
1780713934644 2.0129177800233515 118
1780713938095 1.9857462709805185 119
1780713941569 1.9589415384205564 120
1780713945014 1.932498631385895 121
1780713948458 1.9064126657498048 122
1780713951870 1.8806788233142777 123
1780713955334 1.8552923509200823 124
1780713958850 1.8302485595688336 125
1780713962292 1.805542823556914 126
1780713965780 1.7811705796210842 127
1780713969288 1.7571273260956268 128
1780713972753 1.7334086220808698 129
1780713976247 1.7100100866229295 130
1780713979750 1.68692739790453 131
1780713983172 1.6641562924467443 132
1780713986632 1.6416925643215055 133
1780713990093 1.6195320643747588 134
1780713993501 1.5976706994600895 135
1780713996957 1.5761044316827015 136
1780714000415 1.5548292776535995 137
1780714003851 1.5338413077538373 138
1780714007317 1.5131366454087014 139
1780714010772 1.492711466371688 140
1780714014195 1.4725619980181481 141
1780714017659 1.4526845186484656 142
1780714021129 1.4330753568006416 143
1780714024555 1.4137308905721613 144
1780714028025 1.3946475469510087 145
1780714031486 1.3758218011557162 146
1780714034912 1.3572501759843216 147
1780714038388 1.3389292411721128 148
1780714041847 1.3208556127580404 149
1780714045271 1.3030259524596874 150
1780714048756 1.2854369670566703 151
1780714052225 1.268085407782368 152
1780714055651 1.2509680697238592 153
1780714059139 1.2340817912299593 154
1780714062606 1.2174234533272503 155
1780714066021 1.2009899791439906 156
1780714069508 1.1847783333418045 157
1780714072965 1.1687855215550378 158
1780714076398 1.1530085898376896 159
1780714079918 1.1374446241178007 160
1780714083378 1.1220907496592125 161
1780714086821 1.106944130530591 162
1780714090303 1.0920019690816152 163
1780714093766 1.0772615054262402 164
1780714097186 1.0627200169329323 165
1780714100669 1.0483748177217862 166
1780714104133 1.034223258168432 167
1780714107559 1.0202627244146365 168
1780714111041 1.0064906378855107 169
1780714114620 0.9929044548132366 170
1780714118037 0.9795016657672211 171
1780714121498 0.9662797951905923 172
1780714124955 0.9532364009429528 173
1780714128383 0.9403690738493055 174
1780714131870 0.9276754372550676 175
1780714135374 0.9151531465870912 176
1780714138792 0.902799888920611 177
1780714142285 0.8906133825520347 178
1780714145776 0.8785913765775037 179
1780714149356 0.8667316504771393 180
1780714152806 0.8550320137049032 181
1780714156395 0.8434903052839938 182
1780714159813 0.8321043934077026 183
1780714163264 0.820872175045661 184
1780714166733 0.8097915755554006 185
1780714170198 0.7988605482991564 186
1780714173690 0.788077074265845 187
1780714177142 0.7774391616981419 188
1780714180597 0.766944845724596 189
1780714184089 0.756592187996709 190
1780714187574 0.7463792763309128 191
1780714191001 0.7363042243553806 192
1780714194500 0.7263651711616053 193
1780714197956 0.7165602809606814 194
1780714201376 0.7068877427442262 195
1780714204856 0.6973457699498781 196
1780714208315 0.6879326001313103 197
1780714211749 0.6786464946326989 198
1780714215265 0.6694857382675854 199
1780714218781 0.6604486390020734 200
