1780713531694 0.5973972797393798 1
1780713535133 2.649872970581055 2
1780713538523 6.23193588256836 3
1780713541958 14.118386840820312 4
1780713545402 14.41082305908203 5
1780713548802 16.16840057373047 6
1780713552248 13.806501770019532 7
1780713555688 14.483261108398438 8
1780713559089 15.551426696777344 9
1780713562539 24.344151306152344 10
1780713565990 19.345437622070314 11
1780713569398 24.631251525878906 12
1780713572849 18.501322937011718 13
1780713576287 31.49378356933594 14
1780713579706 30.320999145507812 15
1780713583163 25.708404541015625 16
1780713586613 23.08245849609375 17
1780713590023 17.00865783691406 18
1780713593465 16.26764678955078 19
1780713596924 12.935098266601562 20
1780713600330 23.763430786132812 21
1780713603780 18.53587646484375 22
1780713607227 21.12024383544922 23
1780713610632 23.970623779296876 24
1780713614085 17.169047546386718 25
1780713617521 20.50287628173828 26
1780713620929 26.114016723632812 27
1780713624375 22.93609619140625 28
1780713627822 20.226712036132813 29
1780713631238 18.76212158203125 30
1780713634692 18.717588806152342 31
1780713638150 18.350624084472656 32
1780713641556 24.794862365722658 33
1780713645006 26.86699523925781 34
1780713648448 26.62431640625 35
1780713651855 30.996438598632814 36
1780713655311 31.41625061035156 37
1780713658766 25.554188537597657 38
1780713662170 18.540684509277344 39
1780713665667 35.034732055664065 40
1780713669117 22.30846405029297 41
1780713672531 13.143402099609375 42
1780713675975 15.199935913085938 43
1780713679407 18.66473388671875 44
1780713682798 13.215309143066406 45
1780713686253 21.44033203125 46
1780713689695 16.07726593017578 47
1780713693091 21.751589965820312 48
1780713696539 33.704290771484374 49
1780713699986 25.20928955078125 50
1780713703390 21.530007934570314 51
1780713706842 23.913514709472658 52
1780713710283 21.657882690429688 53
1780713713694 26.523223876953125 54
1780713717155 23.087673950195313 55
1780713720608 23.551019287109376 56
1780713724022 17.6554443359375 57
1780713727489 21.208950805664063 58
1780713730942 23.11479034423828 59
1780713734347 22.90369567871094 60
1780713737815 26.350827026367188 61
1780713741271 25.60631103515625 62
1780713744684 27.08204345703125 63
1780713748173 28.192410278320313 64
1780713751624 13.981324768066406 65
1780713755035 25.612222290039064 66
1780713758500 25.13500061035156 67
1780713761937 21.836265563964844 68
1780713765342 27.41217956542969 69
1780713768804 25.150711059570312 70
1780713772266 18.14832000732422 71
1780713775681 22.166899108886717 72
1780713779145 21.439463806152343 73
1780713782607 20.164610290527342 74
1780713786026 21.207322692871095 75
1780713789489 30.43570556640625 76
1780713792940 23.822837829589844 77
1780713796359 28.024942016601564 78
1780713799826 17.5306640625 79
1780713803305 17.15784606933594 80
1780713806719 15.935308837890625 81
1780713810180 15.021804809570312 82
1780713813626 14.1589599609375 83
1780713817052 15.637544250488281 84
1780713820517 18.642616271972656 85
1780713823971 18.436125183105467 86
1780713827390 21.80322265625 87
1780713830855 24.871583557128908 88
1780713834325 14.051217651367187 89
1780713837739 18.421417236328125 90
1780713841209 19.279713439941407 91
1780713844665 17.22021026611328 92
1780713848082 14.901231384277343 93
1780713851544 15.816021728515626 94
1780713855004 14.703514099121094 95
1780713858426 15.5779052734375 96
1780713861886 13.665988159179687 97
1780713865350 12.154732513427735 98
1780713868768 13.674249267578125 99
1780713872236 17.657687377929687 100
1780713875686 17.984266662597655 101
1780713879132 18.124513244628908 102
1780713882628 15.039878845214844 103
1780713886089 12.440443420410157 104
1780713889519 14.55850830078125 105
1780713892999 11.768638610839844 106
1780713896460 6.286331558227539 107
1780713899892 6.226759338378907 108
1780713903370 7.022561645507812 109
1780713906841 7.87444839477539 110
1780713910273 9.00748062133789 111
1780713913804 9.558791351318359 112
1780713917290 9.392171478271484 113
1780713920741 10.84133071899414 114
1780713924249 8.643635559082032 115
1780713927720 8.71411590576172 116
1780713931173 10.338314819335938 117
1780713934642 14.32755126953125 118
1780713938093 11.247612762451173 119
1780713941567 9.571412658691406 120
1780713945012 8.167485809326172 121
1780713948456 8.754070281982422 122
1780713951868 7.5597084045410154 123
1780713955332 6.877555847167969 124
1780713958848 6.032798385620117 125
1780713962291 7.442779541015625 126
1780713965778 9.01929931640625 127
1780713969286 7.008280181884766 128
1780713972751 5.353956604003907 129
1780713976245 5.131547164916992 130
1780713979748 5.463302230834961 131
1780713983170 5.390088272094727 132
1780713986629 5.445886611938477 133
1780713990091 7.085224151611328 134
1780713993499 5.151190567016601 135
1780713996955 6.120816802978515 136
1780714000413 3.757612609863281 137
1780714003849 4.956462860107422 138
1780714007315 5.3552711486816404 139
1780714010770 3.6840259552001955 140
1780714014194 2.3709222793579103 141
1780714017657 5.519845581054687 142
1780714021127 4.129345703125 143
1780714024553 3.9732540130615233 144
1780714028023 4.336544799804687 145
1780714031484 4.445340728759765 146
1780714034910 4.612796020507813 147
1780714038386 3.039143943786621 148
1780714041845 2.400410270690918 149
1780714045269 2.2298563003540037 150
1780714048754 3.0831941604614257 151
1780714052223 3.0124650955200196 152
1780714055649 4.8308361053466795 153
1780714059137 3.4030429840087892 154
1780714062604 2.2709491729736326 155
1780714066019 2.9640350341796875 156
1780714069505 3.0012208938598635 157
1780714072963 1.9197832107543946 158
1780714076397 2.1464332580566405 159
1780714079916 1.8989513397216797 160
1780714083376 3.4595352172851563 161
1780714086819 2.09216194152832 162
1780714090301 3.2997589111328125 163
1780714093764 1.4464733123779296 164
1780714097184 2.659164237976074 165
1780714100667 3.559271240234375 166
1780714104131 4.246091842651367 167
1780714107557 2.9947280883789062 168
1780714111039 1.8511150360107422 169
1780714114618 1.3783538818359375 170
1780714118036 1.5087929725646974 171
1780714121497 1.610824203491211 172
1780714124953 1.630094337463379 173
1780714128381 2.2918523788452148 174
1780714131868 1.4553645133972168 175
1780714135372 1.5112774848937989 176
1780714138790 1.557152271270752 177
1780714142283 1.978079605102539 178
1780714145774 1.5013378143310547 179
1780714149354 1.1587284088134766 180
1780714152805 1.6443239212036134 181
1780714156393 1.1638782501220704 182
1780714159812 1.8116500854492188 183
1780714163263 3.377533721923828 184
1780714166731 2.0785083770751953 185
1780714170196 1.3362134933471679 186
1780714173688 1.2674659729003905 187
1780714177140 1.1572504043579102 188
1780714180595 1.3817991256713866 189
1780714184087 1.5578944206237793 190
1780714187572 1.9114418029785156 191
1780714190999 1.3175949096679687 192
1780714194498 1.2879216194152832 193
1780714197954 1.7486301422119142 194
1780714201374 1.2834663391113281 195
1780714204853 1.0524078369140626 196
1780714208313 1.047378921508789 197
1780714211747 1.0403560638427733 198
1780714215263 1.1213045120239258 199
1780714218780 1.0551340103149414 200
