1780713531695 69.1796875 1
1780713535134 52.83203125 2
1780713538523 49.74609375 3
1780713541959 49.4921875 4
1780713545403 49.43359375 5
1780713548803 49.5703125 6
1780713552249 49.5703125 7
1780713555689 49.6484375 8
1780713559089 49.39453125 9
1780713562539 49.6484375 10
1780713565990 49.51171875 11
1780713569398 49.7265625 12
1780713572850 49.70703125 13
1780713576288 49.53125 14
1780713579707 49.47265625 15
1780713583163 49.609375 16
1780713586614 49.609375 17
1780713590023 50.31250000000001 18
1780713593465 49.453125 19
1780713596924 50.625 20
1780713600330 49.5703125 21
1780713603781 51.28906250000001 22
1780713607228 50.87890625 23
1780713610632 50.0390625 24
1780713614085 54.35546875 25
1780713617521 52.34375 26
1780713620929 50.99609375000001 27
1780713624376 51.9140625 28
1780713627823 52.91015624999999 29
1780713631239 52.7734375 30
1780713634693 55.97656250000001 31
1780713638150 58.71093750000001 32
1780713641557 52.34375 33
1780713645007 51.5625 34
1780713648448 54.16015625 35
1780713651856 52.28515625 36
1780713655312 50.83984375 37
1780713658767 53.359375 38
1780713662171 62.20703125 39
1780713665668 50.87890625 40
1780713669118 52.578125 41
1780713672532 57.67578125 42
1780713675976 55.13671875 43
1780713679408 53.3203125 44
1780713682799 64.51171875 45
1780713686254 52.05078125 46
1780713689696 58.73046875 47
1780713693092 54.78515625 48
1780713696540 52.40234375 49
1780713699987 53.33984375000001 50
1780713703391 53.78906249999999 51
1780713706843 50.70312500000001 52
1780713710284 52.85156250000001 53
1780713713694 51.50390625 54
1780713717155 55.1171875 55
1780713720609 52.3828125 56
1780713724023 56.30859375 57
1780713727489 54.04296875 58
1780713730943 53.20312499999999 59
1780713734347 53.88671874999999 60
1780713737816 51.46484375 61
1780713741272 54.60937500000001 62
1780713744684 52.83203125 63
1780713748174 52.42187499999999 64
1780713751625 61.93359375000001 65
1780713755036 51.5234375 66
1780713758500 50.99609375000001 67
1780713761938 53.359375 68
1780713765342 50.25390625 69
1780713768805 51.9140625 70
1780713772266 56.2890625 71
1780713775681 51.7578125 72
1780713779146 52.3828125 73
1780713782608 53.1640625 74
1780713786026 51.66015625 75
1780713789490 50.25390625 76
1780713792941 52.94921875000001 77
1780713796360 52.42187499999999 78
1780713799827 51.796875 79
1780713803305 51.62109375 80
1780713806720 55.48828125000001 81
1780713810181 58.14453125 82
1780713813627 55.4296875 83
1780713817053 55.74218749999999 84
1780713820518 51.85546875 85
1780713823972 51.77734375000001 86
1780713827391 50.1953125 87
1780713830856 50.21484375000001 88
1780713834326 54.43359375 89
1780713837740 51.66015625 90
1780713841210 52.7734375 91
1780713844665 54.53125 92
1780713848083 54.84375 93
1780713851545 56.42578124999999 94
1780713855004 54.296875 95
1780713858427 53.14453125000001 96
1780713861887 56.25 97
1780713865351 58.4375 98
1780713868768 56.484375 99
1780713872237 51.34765624999999 100
1780713875687 50.56640624999999 101
1780713879132 50.0390625 102
1780713882629 52.20703125 103
1780713886090 55.56640625 104
1780713889520 54.78515625 105
1780713893000 62.34375 106
1780713896460 65.1171875 107
1780713899893 64.39453125 108
1780713903370 62.08984374999999 109
1780713906842 60.99609375 110
1780713910274 58.76953124999999 111
1780713913804 59.12109375 112
1780713917291 59.10156250000001 113
1780713920742 60.42968749999999 114
1780713924250 60.52734374999999 115
1780713927721 62.18749999999999 116
1780713931174 58.75 117
1780713934643 57.20703124999999 118
1780713938093 59.51171875 119
1780713941568 58.75 120
1780713945012 59.43359375 121
1780713948457 59.68750000000001 122
1780713951869 59.62890625 123
1780713955333 64.21875 124
1780713958849 65.9765625 125
1780713962291 61.58203125 126
1780713965778 60.29296875 127
1780713969287 59.21875 128
1780713972751 64.86328125 129
1780713976246 68.57421875 130
1780713979749 64.98046875 131
1780713983170 69.375 132
1780713986630 65.95703125 133
1780713990092 61.50390624999999 134
1780713993500 67.734375 135
1780713996956 64.5703125 136
1780714000414 77.1484375 137
1780714003850 68.14453125 138
1780714007316 65.078125 139
1780714010771 73.10546875 140
1780714014194 80.9375 141
1780714017658 65.078125 142
1780714021128 71.30859375 143
1780714024553 71.875 144
1780714028024 74.27734375 145
1780714031484 69.4140625 146
1780714034911 67.98828125 147
1780714038386 75.80078125 148
1780714041846 80.44921875 149
1780714045270 81.0546875 150
1780714048755 75.95703125 151
1780714052224 76.6796875 152
1780714055650 65.1953125 153
1780714059138 74.12109375 154
1780714062605 80.52734375 155
1780714066020 76.15234375 156
1780714069506 73.28125 157
1780714072964 80.09765625 158
1780714076397 80.41015625 159
1780714079917 82.5 160
1780714083377 79.21875 161
1780714086820 80.83984375 162
1780714090302 69.78515625 163
1780714093764 82.5390625 164
1780714097185 75.1953125 165
1780714100668 70.3515625 166
1780714104132 61.9140625 167
1780714107558 70.078125 168
1780714111040 79.5703125 169
1780714114619 83.59375 170
1780714118036 83.22265625 171
1780714121497 82.16796875 172
1780714124954 80.64453125 173
1780714128381 75.99609375 174
1780714131868 83.30078125 175
1780714135373 82.3046875 176
1780714138791 80.15625 177
1780714142283 77.32421875 178
1780714145775 81.9921875 179
1780714149355 83.4375 180
1780714152805 78.53515625 181
1780714156394 84.609375 182
1780714159812 79.08203125 183
1780714163263 65.6640625 184
1780714166731 75.83984375 185
1780714170197 84.43359375 186
1780714173689 83.18359375 187
1780714177141 84.21875 188
1780714180596 79.74609375 189
1780714184088 81.69921875 190
1780714187573 77.96875 191
1780714191000 82.20703125 192
1780714194499 83.1640625 193
1780714197955 75.859375 194
1780714201374 81.0546875 195
1780714204854 81.42578125 196
1780714208314 84.6484375 197
1780714211747 84.04296875 198
1780714215264 83.37890625 199
1780714218780 82.51953125 200
