1780896893951 98.9501953125 1
1780896901727 99.5361328125 2
1780896909330 99.18619791666666 3
1780896917227 99.61751302083334 4
1780896924833 99.34895833333334 5
1780896932495 98.95833333333334 6
1780896940156 99.5849609375 7
1780896948057 99.50358072916666 8
1780896955658 99.18619791666666 9
1780896963321 98.73046875 10
1780896970978 98.72233072916666 11
1780896978649 99.52799479166666 12
1780896986307 98.62467447916666 13
1780896993973 99.49544270833334 14
1780897001634 99.44661458333334 15
1780897009541 99.70703125 16
1780897017317 99.78841145833334 17
1780897025103 99.79654947916666 18
1780897032707 99.35709635416666 19
1780897040369 98.74674479166666 20
1780897048029 99.25944010416666 21
1780897055688 99.76399739583334 22
1780897063355 99.67447916666666 23
1780897071015 99.61751302083334 24
1780897078681 98.76302083333334 25
1780897086339 99.61751302083334 26
1780897094007 99.67447916666666 27
1780897101668 99.62565104166666 28
1780897109328 99.56868489583334 29
1780897117005 99.57682291666666 30
1780897124940 99.89420572916666 31
1780897132549 99.69075520833334 32
1780897140209 99.47102864583334 33
1780897147868 99.51171875 34
1780897155539 98.64095052083334 35
1780897163193 99.6826171875 36
1780897170864 99.6337890625 37
1780897178516 99.7314453125 38
1780897186184 99.39778645833334 39
1780897193842 99.70703125 40
1780897201505 99.6826171875 41
1780897207396 99.74772135416666 42
