1780896893950 0.029671909908453625 1
1780896901726 0.02111705144246419 2
1780896909330 0.018728286027908325 3
1780896917226 0.018405475964148838 4
1780896924832 0.017502048363288242 5
1780896932494 0.02361711362997691 6
1780896940155 0.016182035207748413 7
1780896948056 0.018130847563346226 8
1780896955658 0.018748324364423752 9
1780896963320 0.027246942122777302 10
1780896970977 0.025440750022729237 11
1780896978649 0.017114249368508656 12
1780896986306 0.027431083222230274 13
1780896993972 0.0164920116464297 14
1780897001633 0.015359772990147272 15
1780897009540 0.011553018043438593 16
1780897017317 0.011095764736334482 17
1780897025102 0.011008314788341522 18
1780897032706 0.014928165823221207 19
1780897040368 0.022536670168240864 20
1780897048028 0.014700020352999369 21
1780897055687 0.013455123951037725 22
1780897063354 0.011778194457292557 23
1780897071014 0.0123546135922273 24
1780897078680 0.024006468554337818 25
1780897086339 0.012687457104523977 26
1780897094006 0.010927625000476837 27
1780897101667 0.010984069357315699 28
1780897109327 0.013996697962284088 29
1780897117004 0.011391871919234594 30
1780897124939 0.010923152168591818 31
1780897132549 0.01103219265739123 32
1780897140208 0.012638965000708898 33
1780897147867 0.012389364341894785 34
1780897155538 0.027066563566525776 35
1780897163192 0.01088140532374382 36
1780897170863 0.010970450937747955 37
1780897178515 0.010860347499450048 38
1780897186183 0.01150530700882276 39
1780897193841 0.012143488973379135 40
1780897201504 0.0085672065615654 41
1780897207396 0.009966965764760971 42
