1780896893952 0.6602242813933523 1
1780896901728 0.6602242813933523 2
1780896909331 0.6602242813933523 3
1780896917229 0.6602242813933523 4
1780896924834 0.6602242813933523 5
1780896932497 0.6602242813933523 6
1780896940157 0.6602242813933523 7
1780896948058 0.6602242813933523 8
1780896955659 0.6602242813933523 9
1780896963322 0.6602242813933523 10
1780896970980 0.6602242813933523 11
1780896978651 0.6602242813933523 12
1780896986309 0.6602242813933523 13
1780896993975 0.6602242813933523 14
1780897001636 0.6602242813933523 15
1780897009543 0.6602242813933523 16
1780897017318 0.6602242813933523 17
1780897025104 0.6602242813933523 18
1780897032708 0.6602242813933523 19
1780897040370 0.6602242813933523 20
1780897048031 0.6602242813933523 21
1780897055690 0.6602242813933523 22
1780897063357 0.6602242813933523 23
1780897071017 0.6602242813933523 24
1780897078683 0.6602242813933523 25
1780897086341 0.6602242813933523 26
1780897094009 0.6602242813933523 27
1780897101670 0.6602242813933523 28
1780897109329 0.6602242813933523 29
1780897117007 0.6602242813933523 30
1780897124942 0.6602242813933523 31
1780897132551 0.6602242813933523 32
1780897140210 0.6602242813933523 33
1780897147870 0.6602242813933523 34
1780897155541 0.6602242813933523 35
1780897163194 0.6602242813933523 36
1780897170865 0.6602242813933523 37
1780897178517 0.6602242813933523 38
1780897186186 0.6602242813933523 39
1780897193844 0.6602242813933523 40
1780897201506 0.6602242813933523 41
1780897207397 0.6602242813933523 42
