1780895532056 9.841579852961056 1
1780895540198 9.682379131307965 2
1780895548370 9.525753694330053 3
1780895556519 9.371661883352097 4
1780895564665 9.220062713583685 5
1780895572815 9.070915863218229 6
1780895580964 8.924181662708305 7
1780895589121 8.7798210842145 8
1780895597263 8.637795731224916 9
1780895605434 8.49806782834261 10
1780895613574 8.360600211238228 11
1780895621726 8.225356316765163 12
1780895629876 8.092300173234626 13
1780895638030 7.961396390848025 14
1780895646192 7.832610152284104 15
1780895654344 7.705907203438368 16
1780895662502 7.581253844312289 17
1780895670677 7.458616920049906 18
1780895678829 7.33796381211941 19
1780895686989 7.219262429637389 20
1780895695147 7.102481200833407 21
1780895703298 6.987589064652651 22
1780895711441 6.87455546249443 23
1780895719592 6.76335033008431 24
1780895727750 6.653944089477713 25
1780895735897 6.546307641192893 26
1780895744050 6.440412356471153 27
1780895752211 6.336230069662273 28
1780895760355 6.233733070733107 29
1780895768506 6.132894097897373 30
1780895776659 6.033686330364655 31
1780895784810 5.936083381206708 32
1780895793047 5.840059290339154 33
1780895801169 5.745588517616714 34
1780895809326 5.6526459360401295 35
1780895817478 5.5612068250729765 36
1780895825630 5.471246864066581 37
1780895833782 5.382742125791299 38
1780895841935 5.2956690700724405 39
1780895850095 5.210004537529139 40
1780895858237 5.125725743414496 41
1780895866405 5.042810271555384 42
1780895874541 4.961236068390259 43
1780895882704 4.880981437103451 44
1780895890851 4.802025031854306 45
1780895899015 4.724345852099707 46
1780895907158 4.647923237008414 47
1780895915304 4.572736859965781 48
1780895923464 4.498766723167348 49
1780895931605 4.425993152299895 50
1780895939767 4.354396791308547 51
1780895947911 4.2839585972485095 52
1780895956136 4.214659835220101 53
1780895964316 4.146482073385709 54
1780895972489 4.079407178067353 55
1780895980680 4.0134173089235565 56
1780895988877 3.9484949142042374 57
1780895997056 3.8846227260823536 58
1780896005262 3.821783756061068 59
1780896013456 3.7599612904552107 60
1780896021664 3.6991388859458314 61
1780896029850 3.6393003652066636 62
1780896038032 3.580429812601338 63
1780896046225 3.5225115699501974 64
1780896054419 3.465530232365591 65
1780896062629 3.409470644154537 66
1780896070788 3.354317894787664 67
1780896078966 3.3000573149333627 68
1780896087143 3.2466744725560917 69
1780896095327 3.19415516907779 70
1780896103504 3.142485435601397 71
1780896111680 3.091651529195451 72
1780896119853 3.0416399292387926 73
1780896128030 2.992437333824401 74
1780896136216 2.9440306562213974 75
1780896144369 2.896407021394287 76
1780896152530 2.8495537625784975 77
1780896160691 2.8034584179113207 78
1780896168854 2.7581087271173543 79
1780896177017 2.7134926282475513 80
1780896185195 2.6695982544710306 81
1780896193356 2.6264139309187757 82
1780896201547 2.5839281715783997 83
1780896209715 2.5421296762391314 84
1780896217926 2.5010073274862283 85
1780896226075 2.460550187744007 86
1780896234294 2.4207474963667037 87
1780896242466 2.381588666776398 88
1780896250710 2.34306328364723 89
1780896258865 2.305161100135172 90
1780896267024 2.2678720351526085 91
1780896275190 2.2311861706870033 92
1780896283362 2.1950937491629436 93
1780896291521 2.159585170846853 94
1780896299683 2.1246509912936897 95
1780896307838 2.090281918834948 96
1780896316009 2.056468812107291 97
1780896324166 2.0232026776211645 98
1780896332356 1.990474667368741 99
1780896340494 1.9582760764705573 100
1780896348656 1.9265983408602227 101
1780896356815 1.8954330350065791 102
1780896364974 1.8647718696727058 103
1780896373135 1.834606689711182 104
1780896381305 1.8049294718950066 105
1780896389466 1.7757323227836102 106
1780896397628 1.7470074766233858 107
1780896405790 1.718747293282181 108
1780896413952 1.6909442562172028 109
1780896422124 1.6635909704757947 110
1780896430281 1.636680160728554 111
1780896438445 1.6102046693342644 112
1780896446607 1.5841574544361336 113
1780896454770 1.558531588088824 114
1780896462930 1.5333202544157831 115
1780896471088 1.508516747796381 116
1780896479253 1.4841144710823737 117
1780896487421 1.4601069338432158 118
1780896495587 1.4364877506397602 119
1780896503748 1.4132506393258824 120
1780896511905 1.3903894193775752 121
1780896520072 1.3678980102490768 122
1780896528237 1.3457704297555897 123
1780896536397 1.3240007924821575 124
1780896544565 1.3025833082182867 125
1780896552704 1.2815122804178845 126
1780896560837 1.260782104684113 127
1780896568985 1.2403872672787526 128
1780896577115 1.220322343655675 129
1780896585261 1.200581997018044 130
1780896593399 1.1811609768988531 131
1780896601607 1.1620541177644235 132
1780896609726 1.1432563376404956 133
1780896617860 1.1247626367605421 134
1780896626003 1.1065680962359499 135
1780896634148 1.0886678767477092 136
1780896642285 1.0710572172592707 137
1780896650423 1.053731433750221 138
1780896658567 1.0366859179704444 139
1780896666707 1.0199161362144356 140
1780896674842 1.0034176281154419 141
1780896683119 0.9871860054591111 142
1780896691423 0.9712169510163289 143
1780896699532 0.9555062173949389 144
1780896707881 0.9400496259100339 145
1780896715984 0.9248430654725277 146
1780896724119 0.9098824914956999 147
1780896732266 0.8951639248194314 148
1780896740404 0.8806834506518424 149
1780896748540 0.8664372175280494 150
1780896756683 0.8524214362857664 151
1780896764828 0.8386323790574772 152
1780896772967 0.8250663782789103 153
1780896781107 0.8117198257135532 154
1780896789247 0.7985891714929466 155
1780896797392 0.7856709231725035 156
1780896805529 0.7729616448026004 157
1780896813663 0.7604579560146961 158
1780896821810 0.7481565311222333 159
1780896829957 0.7360540982360848 160
1780896838096 0.7241474383943072 161
1780896846233 0.7124333847059733 162
1780896854375 0.7009088215088541 163
1780896862529 0.6895706835407256 164
1780896870698 0.6784159551240815 165
1780896878809 0.6674416693640335 166
1780896885008 0.6602242813933523 167
