1780895532055 71.38671875 1
1780895540197 71.38671875 2
1780895548369 71.42740885416666 3
1780895556517 71.40299479166666 4
1780895564664 71.35416666666666 5
1780895572814 71.29720052083334 6
1780895580963 71.32161458333334 7
1780895589120 74.56868489583334 8
1780895597262 31.648763020833332 9
1780895605432 27.205403645833332 10
1780895613572 19.718424479166664 11
1780895621725 69.4580078125 12
1780895629875 28.572591145833332 13
1780895638029 73.37239583333334 14
1780895646191 73.4130859375 15
1780895654343 72.8515625 16
1780895662500 73.4619140625 17
1780895670676 73.34798177083334 18
1780895678828 74.86979166666666 19
1780895686988 19.490559895833336 20
1780895695145 73.35611979166666 21
1780895703297 73.39680989583334 22
1780895711440 73.33984375 23
1780895719591 74.03157552083334 24
1780895727749 73.49446614583334 25
1780895735896 73.79557291666666 26
1780895744049 73.9013671875 27
1780895752209 73.52701822916666 28
1780895760354 73.18522135416666 29
1780895768504 73.15266927083334 30
1780895776657 73.5107421875 31
1780895784809 73.828125 32
1780895793046 73.91764322916666 33
1780895801168 73.291015625 34
1780895809324 73.64908854166666 35
1780895817476 72.998046875 36
1780895825628 73.4130859375 37
1780895833780 72.61555989583334 38
1780895841933 73.67350260416666 39
1780895850094 73.56770833333334 40
1780895858236 73.1201171875 41
1780895866403 73.54329427083334 42
1780895874540 73.57584635416666 43
1780895882702 72.83528645833334 44
1780895890849 73.095703125 45
1780895899013 73.23404947916666 46
1780895907156 73.9990234375 47
1780895915303 73.83626302083334 48
1780895923462 73.4619140625 49
1780895931604 73.96647135416666 50
1780895939765 74.33268229166666 51
1780895947910 73.57584635416666 52
1780895956134 74.16178385416666 53
1780895964314 74.65006510416666 54
1780895972488 73.96647135416666 55
1780895980678 73.59212239583334 56
1780895988876 74.0966796875 57
1780895997055 73.32356770833334 58
1780896005260 73.98274739583334 59
1780896013455 73.42936197916666 60
1780896021663 73.94205729166666 61
1780896029849 74.66634114583334 62
1780896038031 74.86979166666666 63
1780896046224 73.828125 64
1780896054418 73.91764322916666 65
1780896062627 74.84537760416666 66
1780896070787 74.25130208333334 67
1780896078965 74.37337239583334 68
1780896087142 75.43131510416666 69
1780896095325 75.0 70
1780896103503 74.56868489583334 71
1780896111678 75.8544921875 72
1780896119851 74.9755859375 73
1780896128029 75.4150390625 74
1780896136215 75.81380208333334 75
1780896144368 74.43033854166666 76
1780896152529 75.927734375 77
1780896160690 73.37239583333334 78
1780896168853 74.84537760416666 79
1780896177015 75.55338541666666 80
1780896185193 76.08235677083334 81
1780896193354 75.78125 82
1780896201546 78.05989583333334 83
1780896209714 75.244140625 84
1780896217925 75.69173177083334 85
1780896226074 78.74348958333334 86
1780896234292 76.74967447916666 87
1780896242464 74.27571614583334 88
1780896250709 75.93587239583334 89
1780896258864 75.2197265625 90
1780896267023 75.38248697916666 91
1780896275189 77.67740885416666 92
1780896283360 76.52180989583334 93
1780896291520 78.71907552083334 94
1780896299682 76.59505208333334 95
1780896307837 77.03450520833334 96
1780896316008 81.62434895833334 97
1780896324165 79.60611979166666 98
1780896332355 80.2978515625 99
1780896340493 80.85123697916666 100
1780896348654 78.75162760416666 101
1780896356813 81.81966145833334 102
1780896364973 79.8583984375 103
1780896373134 82.82063802083334 104
1780896381304 88.87532552083334 105
1780896389465 87.15006510416666 106
1780896397626 86.93033854166666 107
1780896405789 89.46940104166666 108
1780896413950 86.6455078125 109
1780896422122 86.26302083333334 110
1780896430280 87.66276041666666 111
1780896438443 88.32194010416666 112
1780896446605 90.26692708333334 113
1780896454768 87.353515625 114
1780896462929 86.97916666666666 115
1780896471086 89.65657552083334 116
1780896479252 83.0322265625 117
1780896487420 84.61100260416666 118
1780896495586 89.51822916666666 119
1780896503747 88.77766927083334 120
1780896511904 83.1298828125 121
1780896520071 80.8349609375 122
1780896528236 68.95345052083334 123
1780896536396 75.537109375 124
1780896544564 77.88899739583334 125
1780896552702 70.703125 126
1780896560835 69.95442708333334 127
1780896568984 65.48665364583334 128
1780896577113 65.98307291666666 129
1780896585259 64.20084635416666 130
1780896593397 73.291015625 131
1780896601605 63.1591796875 132
1780896609725 57.568359375 133
1780896617859 59.659830729166664 134
1780896626002 61.2060546875 135
1780896634146 56.559244791666664 136
1780896642284 56.917317708333336 137
1780896650422 54.7607421875 138
1780896658566 55.989583333333336 139
1780896666706 58.024088541666664 140
1780896674841 57.356770833333336 141
1780896683117 56.241861979166664 142
1780896691422 57.112630208333336 143
1780896699531 57.177734375 144
1780896707880 61.588541666666664 145
1780896715983 59.016927083333336 146
1780896724118 58.585611979166664 147
1780896732265 52.449544270833336 148
1780896740403 54.9560546875 149
1780896748538 57.161458333333336 150
1780896756682 55.045572916666664 151
1780896764826 50.919596354166664 152
1780896772966 55.37109375 153
1780896781106 53.873697916666664 154
1780896789246 54.191080729166664 155
1780896797391 56.852213541666664 156
1780896805528 51.554361979166664 157
1780896813661 52.433268229166664 158
1780896821809 57.861328125 159
1780896829956 52.34375 160
1780896838094 55.029296875 161
1780896846231 52.547200520833336 162
1780896854373 52.197265625 163
1780896862527 53.369140625 164
1780896870696 56.095377604166664 165
1780896878808 55.232747395833336 166
1780896885007 55.712890625 167
