1780895532054 1.5758166313171387 1
1780895540196 27.6818364461263 2
1780895548368 57.9584706624349 3
1780895556517 55.5530751546224 4
1780895564663 63.75817362467448 5
1780895572813 72.01165262858073 6
1780895580962 130.49573771158853 7
1780895589119 68.83628336588542 8
1780895597261 149.65949503580728 9
1780895605431 317.43385823567706 10
1780895613572 565.8823649088541 11
1780895621724 71.04243469238281 12
1780895629874 268.500244140625 13
1780895638028 360.3068033854167 14
1780895646190 236.65433756510416 15
1780895654342 320.0093180338542 16
1780895662499 276.17873128255206 17
1780895670675 265.82855224609375 18
1780895678827 177.4203898111979 19
1780895686987 709.712158203125 20
1780895695144 180.20284016927084 21
1780895703296 214.9532674153646 22
1780895711439 212.4552001953125 23
1780895719590 162.64237467447916 24
1780895727748 156.59162394205728 25
1780895735895 204.83280436197916 26
1780895744048 182.45707194010416 27
1780895752209 253.54182942708334 28
1780895760353 287.7232259114583 29
1780895768504 325.07680257161456 30
1780895776657 169.0986124674479 31
1780895784808 180.45684814453125 32
1780895793045 187.2514444986979 33
1780895801167 179.1525675455729 34
1780895809323 166.2220255533854 35
1780895817476 307.72178141276044 36
1780895825627 233.1487833658854 37
1780895833779 208.2904052734375 38
1780895841933 180.46636962890625 39
1780895850093 252.95780436197916 40
1780895858235 285.53875732421875 41
1780895866402 204.5895792643229 42
1780895874539 188.24005126953125 43
1780895882702 270.50229899088544 44
1780895890848 229.20930989583334 45
1780895899012 190.98026529947916 46
1780895907156 123.58518473307292 47
1780895915302 119.05647786458333 48
1780895923462 160.25846354166666 49
1780895931603 147.16250610351562 50
1780895939764 125.689208984375 51
1780895947909 141.76616414388022 52
1780895956133 122.65317789713542 53
1780895964313 89.52904256184895 54
1780895972487 124.3842061360677 55
1780895980677 155.82950846354166 56
1780895988875 93.0294901529948 57
1780895997054 160.07329305013022 58
1780896005259 180.4393310546875 59
1780896013454 124.8279520670573 60
1780896021662 127.98185221354167 61
1780896029848 125.7736307779948 62
1780896038030 81.8116455078125 63
1780896046223 130.18441772460938 64
1780896054417 113.50021362304688 65
1780896062627 72.00589497884114 66
1780896070786 112.32729085286458 67
1780896078964 109.99300130208333 68
1780896087141 63.9788564046224 69
1780896095324 49.01776631673177 70
1780896103502 71.03049214680989 71
1780896111678 41.80066172281901 72
1780896119851 57.7281239827474 73
1780896128028 52.419087727864586 74
1780896136214 66.01456705729167 75
1780896144367 55.43318176269531 76
1780896152528 44.25586954752604 77
1780896160689 84.00439961751302 78
1780896168852 62.38776143391927 79
1780896177015 46.90998840332031 80
1780896185192 37.72520955403646 81
1780896193353 44.356903076171875 82
1780896201545 29.521876017252605 83
1780896209713 62.5112050374349 84
1780896217924 52.42016092936198 85
1780896226073 25.001909891764324 86
1780896234291 35.240440368652344 87
1780896242463 59.5715077718099 88
1780896250708 45.16588338216146 89
1780896258863 46.001241048177086 90
1780896267022 34.323341369628906 91
1780896275188 21.63184865315755 92
1780896283360 30.611867268880207 93
1780896291519 25.862149556477863 94
1780896299681 40.24436950683594 95
1780896307836 27.349199930826824 96
1780896316007 9.412583669026693 97
1780896324164 16.333946228027344 98
1780896332354 11.476460774739584 99
1780896340492 14.30435562133789 100
1780896348653 19.90524419148763 101
1780896356812 10.463236490885416 102
1780896364972 12.57623545328776 103
1780896373133 8.975345611572266 104
1780896381303 3.795978864034017 105
1780896389464 4.566359202067058 106
1780896397626 3.406667391459147 107
1780896405788 2.5805118878682456 108
1780896413950 4.0706361134847 109
1780896422122 4.38362979888916 110
1780896430279 3.356666882832845 111
1780896438443 2.0439295768737793 112
1780896446605 1.704607327779134 113
1780896454768 2.373878320058187 114
1780896462928 1.5832358996073406 115
1780896471085 1.4278502464294434 116
1780896479251 1.8869635264078777 117
1780896487419 1.622392972310384 118
1780896495585 1.1095492839813232 119
1780896503746 0.9825260639190674 120
1780896511903 1.7918492952982585 121
1780896520070 2.1661399205525718 122
1780896528235 4.156706174214681 123
1780896536395 2.7400760650634766 124
1780896544563 2.4865287144978843 125
1780896552701 4.496507008870442 126
1780896560835 7.572818756103516 127
1780896568983 5.813314437866211 128
1780896577113 6.204549153645833 129
1780896585259 5.550903956095378 130
1780896593396 3.1147661209106445 131
1780896601604 4.980198224385579 132
1780896609724 6.905008316040039 133
1780896617858 5.981515884399414 134
1780896626001 4.957527160644531 135
1780896634145 5.382626215616862 136
1780896642283 7.531871159871419 137
1780896650421 8.067333857218424 138
1780896658565 7.712843577067058 139
1780896666705 7.3417409261067705 140
1780896674840 4.955844561258952 141
1780896683117 11.121426900227865 142
1780896691421 6.376275380452474 143
1780896699530 12.283047993977865 144
1780896707879 9.46822738647461 145
1780896715982 8.34939702351888 146
1780896724117 9.06931177775065 147
1780896732264 12.96209716796875 148
1780896740402 8.696163177490234 149
1780896748538 6.664316813151042 150
1780896756681 7.439981460571289 151
1780896764826 9.385066350301107 152
1780896772965 8.754999160766602 153
1780896781105 10.924760182698568 154
1780896789245 9.755867004394531 155
1780896797390 9.599947611490885 156
1780896805527 6.511202494303386 157
1780896813661 11.604522705078125 158
1780896821808 6.298969904581706 159
1780896829955 9.788116455078125 160
1780896838094 4.862959543863933 161
1780896846230 7.488321304321289 162
1780896854373 7.492809295654297 163
1780896862526 6.403950373331706 164
1780896870696 6.781822204589844 165
1780896878807 8.964017868041992 166
1780896885007 6.772300720214844 167
