1780708262810 0.6604486390020734 1
1780708266249 0.6604486390020734 2
1780708269455 0.6604486390020734 3
1780708272860 0.6604486390020734 4
1780708276108 0.6604486390020734 5
1780708279466 0.6604486390020734 6
1780708282722 0.6604486390020734 7
1780708285973 0.6604486390020734 8
1780708289179 0.6604486390020734 9
1780708292614 0.6604486390020734 10
1780708295890 0.6604486390020734 11
1780708299106 0.6604486390020734 12
1780708302368 0.6604486390020734 13
1780708305626 0.6604486390020734 14
1780708308846 0.6604486390020734 15
1780708312096 0.6604486390020734 16
1780708315339 0.6604486390020734 17
1780708318527 0.6604486390020734 18
1780708321763 0.6604486390020734 19
1780708325028 0.6604486390020734 20
1780708328216 0.6604486390020734 21
1780708331463 0.6604486390020734 22
1780708334696 0.6604486390020734 23
1780708337888 0.6604486390020734 24
1780708341131 0.6604486390020734 25
1780708344376 0.6604486390020734 26
1780708347711 0.6604486390020734 27
1780708350949 0.6604486390020734 28
1780708354389 0.6604486390020734 29
1780708357576 0.6604486390020734 30
1780708360802 0.6604486390020734 31
1780708364038 0.6604486390020734 32
1780708367236 0.6604486390020734 33
1780708370492 0.6604486390020734 34
1780708373737 0.6604486390020734 35
1780708376931 0.6604486390020734 36
1780708380182 0.6604486390020734 37
1780708383423 0.6604486390020734 38
1780708386634 0.6604486390020734 39
1780708389882 0.6604486390020734 40
1780708393131 0.6604486390020734 41
1780708396338 0.6604486390020734 42
1780708399588 0.6604486390020734 43
1780708402837 0.6604486390020734 44
1780708406054 0.6604486390020734 45
1780708409314 0.6604486390020734 46
1780708412571 0.6604486390020734 47
1780708415783 0.6604486390020734 48
1780708419044 0.6604486390020734 49
1780708422292 0.6604486390020734 50
