1780708262809 49.23828125 1
1780708266247 76.5625 2
1780708269454 73.80859375 3
1780708272859 93.671875 4
1780708276107 57.03125 5
1780708279465 96.15234375 6
1780708282720 85.859375 7
1780708285972 95.09765625 8
1780708289178 88.203125 9
1780708292613 98.37890625 10
1780708295889 95.29296875 11
1780708299105 98.3203125 12
1780708302367 96.81640625 13
1780708305625 97.6953125 14
1780708308845 97.6171875 15
1780708312095 98.0859375 16
1780708315337 96.71875 17
1780708318526 92.48046875 18
1780708321761 95.44921875 19
1780708325027 98.69140625 20
1780708328215 95.52734375 21
1780708331462 98.828125 22
1780708334695 89.0625 23
1780708337887 73.73046875 24
1780708341130 98.37890625 25
1780708344374 98.69140625 26
1780708347710 99.51171875 27
1780708350948 99.58984375 28
1780708354388 99.78515625 29
1780708357575 98.37890625 30
1780708360801 99.66796875 31
1780708364037 99.6875 32
1780708367234 98.9453125 33
1780708370490 99.53125 34
1780708373735 98.28125 35
1780708376930 98.9453125 36
1780708380181 99.51171875 37
1780708383422 98.84765625 38
1780708386633 99.6875 39
1780708389881 99.7265625 40
1780708393129 99.90234375 41
1780708396337 99.70703125 42
1780708399587 99.16015625 43
1780708402836 99.2578125 44
1780708406053 99.2578125 45
1780708409313 99.66796875 46
1780708412570 100.0 47
1780708415782 100.0 48
1780708419043 100.0 49
1780708422291 100.0 50
