1780708262808 2.0292009353637694 1
1780708266246 0.5014804840087891 2
1780708269454 0.5675788879394531 3
1780708272859 0.16090877056121827 4
1780708276106 1.6184316635131837 5
1780708279464 0.10746974945068359 6
1780708282720 0.3067625045776367 7
1780708285972 0.12812739610671997 8
1780708289177 0.29260203838348386 9
1780708292612 0.053895360231399535 10
1780708295888 0.12438080310821534 11
1780708299104 0.05020537376403809 12
1780708302366 0.08510493040084839 13
1780708305624 0.06044615507125854 14
1780708308844 0.061451250314712526 15
1780708312094 0.04964229166507721 16
1780708315337 0.0807066261768341 17
1780708318525 0.21216154098510742 18
1780708321761 0.10572457313537598 19
1780708325026 0.032627683877944944 20
1780708328215 0.11384028196334839 21
1780708331461 0.03099132776260376 22
1780708334694 0.37662382125854493 23
1780708337887 1.057167148590088 24
1780708341129 0.04133577942848206 25
1780708344374 0.03854811191558838 26
1780708347709 0.012225284427404403 27
1780708350948 0.011155743896961213 28
1780708354388 0.0058850102126598355 29
1780708357574 0.04528814852237702 30
1780708360801 0.012090540677309036 31
1780708364036 0.009790872037410737 32
1780708367234 0.028630957007408142 33
1780708370490 0.014712117612361908 34
1780708373735 0.050582772493362425 35
1780708376929 0.025668707489967347 36
1780708380180 0.014522813260555267 37
1780708383421 0.028857314586639406 38
1780708386632 0.008794371038675308 39
1780708389880 0.006181998178362846 40
1780708393129 0.0037564031779766084 41
1780708396336 0.007142947614192962 42
1780708399586 0.02179017961025238 43
1780708402835 0.019972583651542662 44
1780708406052 0.029848092794418336 45
1780708409312 0.01163259819149971 46
1780708412569 0.0008597452193498612 47
1780708415781 0.00040141018107533457 48
1780708419042 0.0002367243403568864 49
1780708422290 0.00031230791937559844 50
