1780707575743 9.871720115792458 1
1780707579168 9.73846602312333 2
1780707582564 9.607010669985385 3
1780707586000 9.477329775969402 4
1780707589428 9.349399388416924 5
1780707592834 9.223195877996107 6
1780707596272 9.098695934337265 7
1780707599702 8.97587656172734 8
1780707603098 8.854715074862488 9
1780707606535 8.735189094657999 10
1780707609968 8.617276544114779 11
1780707613369 8.500955644241614 12
1780707616809 8.386204910032514 13
1780707620247 8.273003146498311 14
1780707623647 8.161329444751857 15
1780707627090 8.051163178146055 16
1780707630525 7.942483998464022 17
1780707633922 7.835271832160679 18
1780707637369 7.729506876655075 19
1780707640809 7.625169596672762 20
1780707644205 7.522240720637536 21
1780707647651 7.420701237111888 22
1780707651089 7.320532391285504 23
1780707654486 7.221715681511169 24
1780707657932 7.124232855887427 25
1780707661368 7.028065908887363 26
1780707664763 6.93319707803291 27
1780707668203 6.839608840614027 28
1780707671635 6.747283910452188 29
1780707675030 6.656205234707526 30
1780707678482 6.566355990729111 31
1780707681938 6.477719582947724 32
1780707685360 6.390279639810574 33
1780707688827 6.304020010757405 34
1780707692273 6.218924763237407 35
1780707695683 6.134978179766401 36
1780707699117 6.052164755023752 37
1780707702546 5.970469192988459 38
1780707705935 5.889876404113914 39
1780707709406 5.810371502540789 40
1780707712837 5.731939803347555 41
1780707716225 5.654566819838102 42
1780707719663 5.578238260865986 43
1780707723093 5.502940028194785 44
1780707726482 5.42865821389409 45
1780707729914 5.3553790977706495 46
1780707733347 5.283089144834179 47
1780707736735 5.2117750027973955 48
1780707740162 5.14142349960978 49
1780707743594 5.072021641024648 50
1780707746982 5.003556608199041 51
1780707750412 4.93601575532604 52
1780707753856 4.869386607299015 53
1780707757241 4.8036568574074225 54
1780707760677 4.738814365063698 55
1780707764104 4.674847153560831 56
1780707767488 4.611743407860217 57
1780707770927 4.5494914724093585 58
1780707774400 4.488079848989038 59
1780707777820 4.42749719458954 60
1780707781280 4.367732319315543 61
1780707784716 4.308774184319299 62
1780707788128 4.250611899761707 63
1780707791590 4.193234722800904 64
1780707795022 4.136632055608017 65
1780707798418 4.080793443409698 66
1780707801862 4.025708572557073 67
1780707805295 3.971367268620767 68
1780707808693 3.917759494511639 69
1780707812135 3.8648753486268865 70
1780707815572 3.812705063021173 71
1780707818971 3.7612390016024437 72
1780707822412 3.7104676583520946 73
1780707825849 3.6603816555691675 74
1780707829245 3.610971742138246 75
1780707832692 3.562228791820731 76
1780707836130 3.5141438015691797 77
1780707839527 3.466707889864409 78
1780707842988 3.419912295075029 79
1780707846465 3.373748373839136 80
1780707849863 3.3282075994678406 81
1780707853311 3.283281560370349 82
1780707856747 3.238961958500304 83
1780707860146 3.1952406078230986 84
1780707863578 3.1521094328038766 85
1780707867010 3.1095604669159425 86
1780707870411 3.0675858511693117 87
1780707873853 3.0261778326591147 88
1780707877293 2.9853287631336007 89
1780707880692 2.9450310975814724 90
1780707884144 2.905277392838286 91
1780707887584 2.866060306211664 92
1780707890989 2.827372594125068 93
1780707894430 2.7892071107798735 94
1780707897856 2.7515568068355116 95
1780707901244 2.7144147281074216 96
1780707904679 2.677774014282581 97
1780707908121 2.641627897652374 98
1780707911518 2.605969701862565 99
1780707914962 2.5707928406801446 100
1780707918404 2.5360908167768237 101
1780707921801 2.501857220528944 102
1780707925254 2.4680857288335956 103
1780707928691 2.434770103940705 104
1780707932087 2.401904192300898 105
1780707935531 2.3694819234289097 106
1780707938972 2.33749730878234 107
1780707942371 2.305944440655536 108
1780707945819 2.2748174910884176 109
1780707949262 2.244110710790026 110
1780707952665 2.2138184280766002 111
1780707956114 2.1839350478239923 112
1780707959553 2.1544550504342226 113
1780707962955 2.125372990815985 114
1780707966406 2.096683497378911 115
1780707969847 2.068381271041416 116
1780707973254 2.040461084251931 117
1780707976696 2.0129177800233515 118
1780707980135 1.9857462709805185 119
1780707983579 1.9589415384205564 120
1780707987020 1.932498631385895 121
1780707990455 1.9064126657498048 122
1780707993861 1.8806788233142777 123
1780707997304 1.8552923509200823 124
1780708000745 1.8302485595688336 125
1780708004145 1.805542823556914 126
1780708007592 1.7811705796210842 127
1780708011034 1.7571273260956268 128
1780708014430 1.7334086220808698 129
1780708017888 1.7100100866229295 130
1780708021331 1.68692739790453 131
1780708024732 1.6641562924467443 132
1780708028183 1.6416925643215055 133
1780708031623 1.6195320643747588 134
1780708035020 1.5976706994600895 135
1780708038480 1.5761044316827015 136
1780708041922 1.5548292776535995 137
1780708045322 1.5338413077538373 138
1780708048764 1.5131366454087014 139
1780708052205 1.492711466371688 140
1780708055603 1.4725619980181481 141
1780708059053 1.4526845186484656 142
1780708062492 1.4330753568006416 143
1780708065889 1.4137308905721613 144
1780708069340 1.3946475469510087 145
1780708072776 1.3758218011557162 146
1780708076180 1.3572501759843216 147
1780708079621 1.3389292411721128 148
1780708083066 1.3208556127580404 149
1780708086469 1.3030259524596874 150
1780708089926 1.2854369670566703 151
1780708093374 1.268085407782368 152
1780708096770 1.2509680697238592 153
1780708100217 1.2340817912299593 154
1780708103658 1.2174234533272503 155
1780708107066 1.2009899791439906 156
1780708110507 1.1847783333418045 157
1780708113943 1.1687855215550378 158
1780708117348 1.1530085898376896 159
1780708120833 1.1374446241178007 160
1780708124272 1.1220907496592125 161
1780708127669 1.106944130530591 162
1780708131124 1.0920019690816152 163
1780708134561 1.0772615054262402 164
1780708137957 1.0627200169329323 165
1780708141406 1.0483748177217862 166
1780708144843 1.034223258168432 167
1780708148250 1.0202627244146365 168
1780708151694 1.0064906378855107 169
1780708155232 0.9929044548132366 170
1780708158639 0.9795016657672211 171
1780708162074 0.9662797951905923 172
1780708165520 0.9532364009429528 173
1780708168916 0.9403690738493055 174
1780708172369 0.9276754372550676 175
1780708175808 0.9151531465870912 176
1780708179209 0.902799888920611 177
1780708182658 0.8906133825520347 178
1780708186095 0.8785913765775037 179
1780708189492 0.8667316504771393 180
1780708192942 0.8550320137049032 181
1780708196384 0.8434903052839938 182
1780708199985 0.8321043934077026 183
1780708203422 0.820872175045661 184
1780708206856 0.8097915755554006 185
1780708210253 0.7988605482991564 186
1780708213702 0.788077074265845 187
1780708217288 0.7774391616981419 188
1780708220686 0.766944845724596 189
1780708224120 0.756592187996709 190
1780708227560 0.7463792763309128 191
1780708230980 0.7363042243553806 192
1780708234626 0.7263651711616053 193
1780708238083 0.7165602809606814 194
1780708241499 0.7068877427442262 195
1780708244986 0.6973457699498781 196
1780708248457 0.6879326001313103 197
1780708251890 0.6786464946326989 198
1780708255358 0.6694857382675854 199
1780708258855 0.6604486390020734 200
