1780707575741 0.853129768371582 1
1780707579166 0.6202038764953614 2
1780707582562 8.07547607421875 3
1780707585998 13.333680725097656 4
1780707589426 13.827471923828124 5
1780707592832 15.93841552734375 6
1780707596271 17.0931884765625 7
1780707599700 14.024873352050781 8
1780707603096 16.937928771972658 9
1780707606533 19.15575714111328 10
1780707609966 17.083985900878908 11
1780707613368 12.912481689453125 12
1780707616807 11.729134368896485 13
1780707620245 14.400863647460938 14
1780707623645 17.61067352294922 15
1780707627088 17.181216430664062 16
1780707630523 14.019036865234375 17
1780707633920 20.284756469726563 18
1780707637366 13.412013244628906 19
1780707640807 10.608360290527344 20
1780707644203 9.229743194580077 21
1780707647649 9.004935455322265 22
1780707651087 8.423249816894531 23
1780707654484 9.809394836425781 24
1780707657929 10.258838653564453 25
1780707661366 9.955563354492188 26
1780707664761 12.326993560791015 27
1780707668201 9.040380096435547 28
1780707671633 13.249214172363281 29
1780707675028 15.375270080566406 30
1780707678480 12.781434631347656 31
1780707681936 12.742184448242188 32
1780707685359 12.77841796875 33
1780707688825 14.931304931640625 34
1780707692272 13.1664306640625 35
1780707695681 10.789100646972656 36
1780707699115 11.305857086181641 37
1780707702544 11.143488311767578 38
1780707705933 9.230648803710938 39
1780707709404 10.64371337890625 40
1780707712835 10.7373779296875 41
1780707716224 12.844354248046875 42
1780707719661 10.260605621337891 43
1780707723091 13.129296875 44
1780707726481 14.571630859375 45
1780707729912 11.51895980834961 46
1780707733345 11.103623199462891 47
1780707736733 12.015779876708985 48
1780707740160 10.407883453369141 49
1780707743592 12.168987274169922 50
1780707746980 11.316542816162109 51
1780707750409 9.34426040649414 52
1780707753855 8.34115219116211 53
1780707757239 9.251012420654297 54
1780707760675 9.824932861328126 55
1780707764102 9.675369262695312 56
1780707767486 9.386005401611328 57
1780707770925 8.002555847167969 58
1780707774398 9.138182067871094 59
1780707777818 10.017385864257813 60
1780707781278 12.417008209228516 61
1780707784715 8.729530334472656 62
1780707788126 7.066211700439453 63
1780707791588 8.619856262207032 64
1780707795020 10.157968139648437 65
1780707798416 9.76491470336914 66
1780707801860 9.815904235839843 67
1780707805293 10.339584350585938 68
1780707808691 10.836515808105469 69
1780707812133 10.345266723632813 70
1780707815570 12.072703552246093 71
1780707818969 13.376730346679688 72
1780707822410 10.7356689453125 73
1780707825847 10.367391204833984 74
1780707829243 15.380354309082032 75
1780707832690 14.2771484375 76
1780707836129 7.310558319091797 77
1780707839525 10.58923797607422 78
1780707842985 10.66085205078125 79
1780707846464 11.873880767822266 80
1780707849861 11.26145248413086 81
1780707853309 8.359023284912109 82
1780707856745 6.722587585449219 83
1780707860145 7.173481750488281 84
1780707863576 11.190638732910156 85
1780707867008 10.292900085449219 86
1780707870409 8.164908599853515 87
1780707873851 7.821984100341797 88
1780707877292 8.106043243408203 89
1780707880691 9.30348892211914 90
1780707884142 9.470240783691406 91
1780707887582 6.170347595214844 92
1780707890987 7.874708557128907 93
1780707894428 7.635429382324219 94
1780707897854 10.975050354003907 95
1780707901242 9.048373413085937 96
1780707904677 8.629076385498047 97
1780707908120 10.32513656616211 98
1780707911516 9.564195251464843 99
1780707914960 8.437187957763673 100
1780707918402 9.268658447265626 101
1780707921799 4.238822555541992 102
1780707925251 5.987855529785156 103
1780707928690 7.207858276367188 104
1780707932085 7.1383056640625 105
1780707935528 9.699259948730468 106
1780707938970 7.754747009277343 107
1780707942369 6.8554931640625 108
1780707945817 8.364039611816406 109
1780707949260 7.814826202392578 110
1780707952664 7.871154022216797 111
1780707956112 6.604631805419922 112
1780707959552 7.548102569580078 113
1780707962953 7.066204833984375 114
1780707966404 8.090753173828125 115
1780707969845 9.073980712890625 116
1780707973252 7.795146179199219 117
1780707976694 7.8089111328125 118
1780707980133 8.64343719482422 119
1780707983578 5.673283386230469 120
1780707987018 7.713832855224609 121
1780707990454 6.273043823242188 122
1780707993859 6.8544471740722654 123
1780707997302 6.713507080078125 124
1780708000743 5.6175987243652346 125
1780708004144 6.6499755859375 126
1780708007590 7.556201171875 127
1780708011032 6.367453002929688 128
1780708014429 8.204000854492188 129
1780708017886 7.153472900390625 130
1780708021329 6.120318603515625 131
1780708024730 6.602217102050782 132
1780708028181 6.474111938476563 133
1780708031621 5.49908447265625 134
1780708035018 6.305864715576172 135
1780708038478 6.131705856323242 136
1780708041920 6.29814453125 137
1780708045320 7.196736907958984 138
1780708048762 5.430376434326172 139
1780708052204 5.409512329101562 140
1780708055601 4.771742248535157 141
1780708059051 7.004296112060547 142
1780708062490 5.235541152954101 143
1780708065887 4.67059326171875 144
1780708069338 3.970032501220703 145
1780708072774 5.687652969360352 146
1780708076178 6.292036437988282 147
1780708079619 4.8567253112792965 148
1780708083064 4.025606918334961 149
1780708086468 5.594899749755859 150
1780708089924 4.044862747192383 151
1780708093372 4.067556381225586 152
1780708096768 5.459505844116211 153
1780708100215 4.7183380126953125 154
1780708103656 4.846554946899414 155
1780708107064 4.77379035949707 156
1780708110505 4.542761611938476 157
1780708113941 4.839497756958008 158
1780708117346 3.5308917999267577 159
1780708120832 4.533429718017578 160
1780708124271 3.9419414520263674 161
1780708127668 3.47161750793457 162
1780708131122 3.4005401611328123 163
1780708134559 3.4433975219726562 164
1780708137956 5.4837791442871096 165
1780708141404 3.413525390625 166
1780708144841 3.2767566680908202 167
1780708148248 2.4988067626953123 168
1780708151692 3.693670654296875 169
1780708155231 3.655283737182617 170
1780708158637 2.4150075912475586 171
1780708162072 3.43389778137207 172
1780708165518 2.9912256240844726 173
1780708168914 3.4432323455810545 174
1780708172367 3.3625263214111327 175
1780708175806 2.5464210510253906 176
1780708179208 3.689013671875 177
1780708182656 3.7867080688476564 178
1780708186093 2.642755317687988 179
1780708189490 2.8634899139404295 180
1780708192940 2.2935087203979494 181
1780708196382 2.964821434020996 182
1780708199983 2.02523250579834 183
1780708203420 2.6218856811523437 184
1780708206855 2.3857040405273438 185
1780708210252 2.3369699478149415 186
1780708213700 2.353342628479004 187
1780708217287 2.109644317626953 188
1780708220685 1.936530303955078 189
1780708224118 2.157807159423828 190
1780708227559 3.73016242980957 191
1780708230978 2.1119842529296875 192
1780708234624 1.646174430847168 193
1780708238082 2.7089414596557617 194
1780708241497 1.8819175720214845 195
1780708244984 2.348918342590332 196
1780708248455 2.1640968322753906 197
1780708251888 3.6877513885498048 198
1780708255355 1.915933609008789 199
1780708258853 2.335194396972656 200
