1780707575742 80.46875 1
1780707579167 69.70703125 2
1780707582563 49.74609375 3
1780707585998 49.4921875 4
1780707589427 49.39453125 5
1780707592833 49.5703125 6
1780707596271 49.5703125 7
1780707599701 49.62890625 8
1780707603097 49.39453125 9
1780707606534 49.6484375 10
1780707609967 49.47265625 11
1780707613368 49.7265625 12
1780707616808 49.70703125 13
1780707620245 49.53125 14
1780707623646 49.47265625 15
1780707627089 49.47265625 16
1780707630524 49.39453125 17
1780707633921 49.609375 18
1780707637367 49.375 19
1780707640808 49.5703125 20
1780707644204 49.5703125 21
1780707647649 49.453125 22
1780707651088 49.5703125 23
1780707654484 49.47265625 24
1780707657930 49.78515625 25
1780707661366 49.43359375 26
1780707664762 49.4921875 27
1780707668202 49.35546875 28
1780707671634 49.74609375 29
1780707675029 49.62890625 30
1780707678481 49.39453125 31
1780707681937 49.453125 32
1780707685359 49.6484375 33
1780707688825 49.53125 34
1780707692272 49.94140625 35
1780707695682 49.58984375 36
1780707699115 49.58984375 37
1780707702544 49.6875 38
1780707705934 49.5703125 39
1780707709405 49.5703125 40
1780707712836 49.51171875 41
1780707716224 49.27734375 42
1780707719662 49.62890625 43
1780707723092 49.23828125 44
1780707726481 49.4140625 45
1780707729912 49.66796875 46
1780707733346 49.375 47
1780707736734 49.39453125 48
1780707740160 49.6484375 49
1780707743593 49.62890625 50
1780707746981 49.21875 51
1780707750410 49.43359375 52
1780707753855 49.8828125 53
1780707757240 49.7265625 54
1780707760675 49.51171875 55
1780707764102 49.8828125 56
1780707767487 49.53125 57
1780707770926 50.234375 58
1780707774399 49.53125 59
1780707777819 49.78515625 60
1780707781279 49.51171875 61
1780707784715 49.609375 62
1780707788127 49.90234375 63
1780707791589 49.8046875 64
1780707795021 49.921875 65
1780707798417 49.51171875 66
1780707801860 50.15625 67
1780707805294 49.609375 68
1780707808692 49.765625 69
1780707812134 49.98046875 70
1780707815571 49.53125 71
1780707818969 49.3359375 72
1780707822411 49.921875 73
1780707825848 49.6484375 74
1780707829244 49.51171875 75
1780707832691 49.53125 76
1780707836129 49.55078125 77
1780707839526 49.43359375 78
1780707842986 49.35546875 79
1780707846464 49.140625 80
1780707849861 49.58984375 81
1780707853310 53.00781249999999 82
1780707856746 52.890625 83
1780707860145 50.07812499999999 84
1780707863576 49.51171875 85
1780707867009 49.8046875 86
1780707870410 51.48437500000001 87
1780707873852 49.78515625 88
1780707877292 51.38671875000001 89
1780707880691 53.98437499999999 90
1780707884142 51.28906250000001 91
1780707887582 52.83203125 92
1780707890988 50.66406249999999 93
1780707894429 54.00390625 94
1780707897855 49.98046875 95
1780707901243 50.95703124999999 96
1780707904678 51.171875 97
1780707908120 50.68359375 98
1780707911517 50.76171874999999 99
1780707914961 50.70312500000001 100
1780707918403 49.921875 101
1780707921800 50.15625 102
1780707925252 48.80859375 103
1780707928690 54.57031249999999 104
1780707932086 52.1875 105
1780707935529 51.3671875 106
1780707938971 52.65625000000001 107
1780707942370 55.09765625000001 108
1780707945818 50.66406249999999 109
1780707949261 50.5859375 110
1780707952664 52.67578125 111
1780707956113 57.1875 112
1780707959552 55.17578125 113
1780707962954 55.859375 114
1780707966405 54.04296875 115
1780707969846 50.91796875 116
1780707973252 53.96484375 117
1780707976695 54.35546875 118
1780707980134 52.79296875 119
1780707983578 59.43359375 120
1780707987019 53.88671874999999 121
1780707990454 56.66015625000001 122
1780707993860 54.62890625 123
1780707997303 56.71874999999999 124
1780708000743 57.69531249999999 125
1780708004144 55.83984374999999 126
1780708007591 53.39843749999999 127
1780708011033 57.40234374999999 128
1780708014429 54.19921875 129
1780708017887 56.9921875 130
1780708021329 59.19921875000001 131
1780708024731 58.57421874999999 132
1780708028182 58.4375 133
1780708031622 58.69140625 134
1780708035019 58.26171875 135
1780708038479 58.69140625 136
1780708041920 59.35546874999999 137
1780708045321 57.3828125 138
1780708048762 59.921875 139
1780708052204 59.51171875 140
1780708055601 64.53125 141
1780708059052 57.16796875 142
1780708062491 61.69921874999999 143
1780708065888 63.49609375000001 144
1780708069339 62.4609375 145
1780708072775 59.04296875 146
1780708076178 59.06249999999999 147
1780708079620 60.76171875000001 148
1780708083065 68.18359375 149
1780708086468 58.41796875000001 150
1780708089924 68.65234375 151
1780708093373 60.41015625 152
1780708096769 57.0703125 153
1780708100216 61.05468750000001 154
1780708103657 60.8984375 155
1780708107065 56.9921875 156
1780708110506 58.10546875 157
1780708113942 60.83984375 158
1780708117347 61.99218749999999 159
1780708120832 62.36328125 160
1780708124271 64.453125 161
1780708127668 64.1015625 162
1780708131122 67.59765625 163
1780708134560 50.66406249999999 164
1780708137956 57.10937499999999 165
1780708141405 68.76953125 166
1780708144842 68.96484375 167
1780708148249 72.6171875 168
1780708151693 65.56640625 169
1780708155231 72.265625 170
1780708158637 63.98437500000001 171
1780708162073 65.41015625 172
1780708165519 66.015625 173
1780708168915 70.0390625 174
1780708172367 57.08984375 175
1780708175807 69.27734375 176
1780708179208 59.5703125 177
1780708182657 68.26171875 178
1780708186094 69.39453125 179
1780708189491 65.1953125 180
1780708192940 66.8359375 181
1780708196383 64.74609375 182
1780708199984 72.32421875 183
1780708203421 71.015625 184
1780708206855 68.61328125 185
1780708210252 70.80078125 186
1780708213701 71.2890625 187
1780708217287 74.2578125 188
1780708220685 69.74609375 189
1780708224119 72.16796875 190
1780708227559 70.80078125 191
1780708230979 68.828125 192
1780708234625 79.55078125 193
1780708238082 73.61328125 194
1780708241497 77.55859375 195
1780708244985 73.90625 196
1780708248456 75.859375 197
1780708251889 69.3359375 198
1780708255356 76.5234375 199
1780708258854 75.01953125 200
