1780885677108 99.56691576086956 1
1780885684547 99.15081521739131 2
1780885692111 99.66032608695652 3
1780885699570 99.46501358695652 4
1780885707032 99.43953804347827 5
1780885714625 99.55842391304348 6
1780885722241 99.76222826086956 7
1780885729723 99.7961956521739 8
1780885737132 99.43953804347827 9
1780885744638 99.4140625 10
1780885752145 99.54144021739131 11
1780885759563 99.67730978260869 12
1780885767294 99.84714673913044 13
1780885774892 99.69429347826086 14
1780885782249 99.68580163043478 15
1780885789747 99.55842391304348 16
1780885797189 98.48845108695652 17
1780885804547 99.87262228260869 18
1780885812047 99.86413043478261 19
1780885819482 99.43953804347827 20
1780885827036 99.85563858695652 21
1780885834452 99.89809782608695 22
1780885841900 99.73675271739131 23
1780885849265 99.34612771739131 24
1780885856780 99.4225543478261 25
1780885864245 99.58389945652173 26
1780885871832 99.88111413043478 27
1780885879473 99.8131793478261 28
1780885886941 99.57540760869566 29
1780885894344 99.54144021739131 30
1780885901876 99.70278532608695 31
1780885909330 99.71976902173914 32
1780885916665 99.19327445652173 33
1780885924123 99.7961956521739 34
1780885931540 99.57540760869566 35
1780885938874 99.87262228260869 36
1780885946549 99.78770380434783 37
1780885953959 99.88111413043478 38
1780885961299 99.25271739130434 39
1780885968758 99.72826086956522 40
1780885976177 99.84714673913044 41
1780885983506 99.83865489130434 42
1780885990987 99.83016304347827 43
1780885995640 99.88960597826086 44
