1780885677110 0.6602242813933523 1
1780885684548 0.6602242813933523 2
1780885692114 0.6602242813933523 3
1780885699572 0.6602242813933523 4
1780885707033 0.6602242813933523 5
1780885714626 0.6602242813933523 6
1780885722242 0.6602242813933523 7
1780885729725 0.6602242813933523 8
1780885737134 0.6602242813933523 9
1780885744640 0.6602242813933523 10
1780885752146 0.6602242813933523 11
1780885759565 0.6602242813933523 12
1780885767295 0.6602242813933523 13
1780885774893 0.6602242813933523 14
1780885782251 0.6602242813933523 15
1780885789749 0.6602242813933523 16
1780885797191 0.6602242813933523 17
1780885804549 0.6602242813933523 18
1780885812049 0.6602242813933523 19
1780885819483 0.6602242813933523 20
1780885827038 0.6602242813933523 21
1780885834454 0.6602242813933523 22
1780885841902 0.6602242813933523 23
1780885849266 0.6602242813933523 24
1780885856781 0.6602242813933523 25
1780885864246 0.6602242813933523 26
1780885871834 0.6602242813933523 27
1780885879474 0.6602242813933523 28
1780885886943 0.6602242813933523 29
1780885894346 0.6602242813933523 30
1780885901877 0.6602242813933523 31
1780885909332 0.6602242813933523 32
1780885916667 0.6602242813933523 33
1780885924125 0.6602242813933523 34
1780885931541 0.6602242813933523 35
1780885938876 0.6602242813933523 36
1780885946550 0.6602242813933523 37
1780885953960 0.6602242813933523 38
1780885961301 0.6602242813933523 39
1780885968760 0.6602242813933523 40
1780885976178 0.6602242813933523 41
1780885983508 0.6602242813933523 42
1780885990989 0.6602242813933523 43
1780885995641 0.6602242813933523 44
