1780884295650 3.715257395868716 1
1780884303619 73.13600225033967 2
1780884311493 115.06643809442934 3
1780884319486 332.4756920855978 4
1780884327480 342.1566745923913 5
1780884335335 170.85189155910325 6
1780884343327 346.6820652173913 7
1780884351286 315.09128736413044 8
1780884359151 228.40053923233697 9
1780884367174 614.4959239130435 10
1780884375157 623.3731742527174 11
1780884383037 565.2854110054348 12
1780884391031 312.8934909986413 13
1780884398994 862.5679347826087 14
1780884406859 610.0181725543479 15
1780884414863 1125.6099694293478 16
1780884422843 638.2354789402174 17
1780884430733 824.4851392663044 18
1780884438743 1657.1176970108695 19
1780884446721 2815.2703804347825 20
1780884454610 508.0725203804348 21
1780884462602 1015.3622622282609 22
1780884470586 1582.0971467391305 23
1780884478488 840.6030910326087 24
1780884486485 860.9984714673913 25
1780884494514 2172.2839673913045 26
1780884502432 806.484714673913 27
1780884510412 939.6105638586956 28
1780884518411 742.4594938858696 29
1780884526311 573.1951426630435 30
1780884534316 1072.5596976902175 31
1780884542311 1341.832710597826 32
1780884550210 94.60793138586956 33
1780884558256 439.5731997282609 34
1780884566243 298.4206436820652 35
1780884574143 211.86563773777175 36
1780884582153 317.7888289741848 37
1780884590163 462.02976392663044 38
1780884598046 416.25479789402175 39
1780884606014 471.1022843070652 40
1780884614014 640.0329059103261 41
1780884621923 535.1093325407609 42
1780884629954 442.4351647418478 43
1780884637946 557.5454313858696 44
1780884645846 342.88168733016306 45
1780884653865 385.2646908967391 46
1780884661854 310.1110945991848 47
1780884669814 206.64395805027175 48
1780884677851 435.6845278532609 49
1780884685887 401.22469429347825 50
1780884693822 185.53490149456522 51
1780884701843 397.77645210597825 52
1780884709855 563.6848675271739 53
1780884717770 295.13223930027175 54
1780884725794 285.57241423233694 55
1780884733803 246.10909901494566 56
1780884741732 169.4796832540761 57
1780884749752 230.42905061141303 58
1780884757773 242.75486158288044 59
1780884765648 360.2012992527174 60
1780884773679 346.3518809442935 61
1780884781681 493.3508406929348 62
1780884789555 360.8931725543478 63
1780884797553 358.3427309782609 64
1780884805542 343.4530613111413 65
1780884813422 198.96968410326087 66
1780884821421 189.85977836277175 67
1780884829449 151.94156547214675 68
1780884837346 169.8340480638587 69
1780884845342 158.8207477072011 70
1780884853337 201.7913977581522 71
1780884861208 144.73941703464675 72
1780884869218 71.0391208814538 73
1780884877210 224.92276664402175 74
1780884885105 117.61193316915761 75
1780884893111 110.41440217391305 76
1780884901083 126.21630859375 77
1780884908916 80.89491338315217 78
1780884916853 90.54111115828805 79
1780884924746 123.19748853600544 80
1780884932540 132.68840225883153 81
1780884940475 70.47232719089673 82
1780884948385 66.64256220278533 83
1780884956194 42.53993291440217 84
1780884964155 48.53793202275815 85
1780884972105 45.05905549422555 86
1780884979950 97.9213230298913 87
1780884987905 78.40577764096467 88
1780884995853 61.623115871263586 89
1780885003692 82.71845809273098 90
1780885011671 18.18276712168818 91
1780885019655 11.52386474609375 92
1780885027548 16.823990531589676 93
1780885035555 18.871961510699727 94
1780885043531 53.080624787703805 95
1780885051356 69.62485139266305 96
1780885059362 158.20686141304347 97
1780885067313 33.81874681555706 98
1780885075105 47.084647800611414 99
1780885083062 26.859709366508152 100
1780885090963 43.37149711277174 101
1780885098801 18.660523787788723 102
1780885106755 24.11907958984375 103
1780885114648 15.364410400390625 104
1780885122442 9.316887233568275 105
1780885130375 17.21924889605978 106
1780885138271 50.41674273947011 107
1780885146068 25.196323560631793 108
1780885153987 9.466483738111412 109
1780885161979 6.585240903108017 110
1780885169853 7.353453262992527 111
1780885177793 4.107379747473675 112
1780885185732 6.296340278957201 113
1780885193589 7.007396532141644 114
1780885201523 13.170564070991848 115
1780885209450 6.435180000636889 116
1780885217248 20.174169125764266 117
1780885225185 15.300247855808424 118
1780885233085 9.47539354407269 119
1780885240921 5.641300367272419 120
1780885248877 3.879991282587466 121
1780885256793 4.0912628173828125 122
1780885264587 3.4051868604577105 123
1780885272551 4.7096434883449385 124
1780885280546 4.396331787109375 125
1780885288369 5.139184702997622 126
1780885296315 4.529907558275306 127
1780885304245 3.853979359502378 128
1780885312074 5.873993583347486 129
1780885320015 5.702452949855639 130
1780885327939 4.70570937446926 131
1780885335763 4.987525608228601 132
1780885343707 3.86663818359375 133
1780885351643 4.221747356912364 134
1780885359471 3.1074666562287705 135
1780885367445 4.39660412332286 136
1780885375366 3.364241890285326 137
1780885383190 4.108123779296875 138
1780885391140 3.597486744756284 139
1780885399088 3.1682662963867188 140
1780885406915 2.572599493938944 141
1780885414857 4.345250668733017 142
1780885422791 4.01928478738536 143
1780885430630 3.269663603409477 144
1780885438564 2.602423792300017 145
1780885446520 3.382743503736413 146
1780885454352 3.053209056024966 147
1780885462428 5.629755434782608 148
1780885470532 4.535421620244565 149
1780885478533 4.5630635800568955 150
1780885486454 5.359080107315727 151
1780885494406 5.712157539699389 152
1780885502264 5.298499065896739 153
1780885510221 5.990080460258152 154
1780885518158 5.634478361710258 155
1780885525990 5.633704144021739 156
1780885534170 3.636365807574728 157
1780885542085 5.316374737283458 158
1780885550173 3.3826579218325405 159
1780885558091 3.937026314113451 160
1780885566037 4.396090631899626 161
1780885573868 4.999022110648777 162
1780885581824 4.1245239921238115 163
1780885589752 3.5261018172554346 164
1780885597578 3.0604466977326767 165
1780885605535 3.706281579059103 166
1780885613463 4.221102838930876 167
1780885621282 4.552276611328125 168
1780885629228 4.066315692404042 169
1780885637200 4.336746547533118 170
1780885645046 3.105101543924083 171
1780885652991 3.303438601286515 172
1780885660946 3.5306827711022417 173
1780885668359 4.563064243482507 174
