1780898743151 0.6602242813933523 1
1780898759335 0.6602242813933523 2
1780898775737 0.6602242813933523 3
1780898791938 0.6602242813933523 4
1780898808357 0.6602242813933523 5
1780898824940 0.6602242813933523 6
1780898841164 0.6602242813933523 7
1780898857406 0.6602242813933523 8
1780898873633 0.6602242813933523 9
1780898889905 0.6602242813933523 10
1780898906308 0.6602242813933523 11
1780898922764 0.6602242813933523 12
1780898940493 0.6602242813933523 13
1780898957297 0.6602242813933523 14
1780898973381 0.6602242813933523 15
1780898989419 0.6602242813933523 16
1780899005501 0.6602242813933523 17
1780899021534 0.6602242813933523 18
1780899037730 0.6602242813933523 19
1780899053760 0.6602242813933523 20
1780899069839 0.6602242813933523 21
1780899085880 0.6602242813933523 22
1780899101914 0.6602242813933523 23
1780899118115 0.6602242813933523 24
1780899134223 0.6602242813933523 25
1780899150256 0.6602242813933523 26
1780899166291 0.6602242813933523 27
1780899182379 0.6602242813933523 28
1780899198414 0.6602242813933523 29
1780899214453 0.6602242813933523 30
1780899230657 0.6602242813933523 31
1780899246747 0.6602242813933523 32
1780899262795 0.6602242813933523 33
1780899278841 0.6602242813933523 34
1780899295112 0.6602242813933523 35
1780899311516 0.6602242813933523 36
1780899327653 0.6602242813933523 37
1780899343799 0.6602242813933523 38
1780899359938 0.6602242813933523 39
1780899376132 0.6602242813933523 40
1780899392276 0.6602242813933523 41
1780899408420 0.6602242813933523 42
1780899424607 0.6602242813933523 43
1780899440750 0.6602242813933523 44
1780899456898 0.6602242813933523 45
1780899473034 0.6602242813933523 46
1780899483209 0.6602242813933523 47
