1780898743148 0.012577913528264956 1
1780898759333 0.014958938886952955 2
1780898775735 0.012837336506954459 3
1780898791936 0.011942336725634198 4
1780898808355 0.013145096080247746 5
1780898824938 0.01084022882372834 6
1780898841162 0.013672835605089055 7
1780898857403 0.010218788718068323 8
1780898873630 0.00880319781081621 9
1780898889902 0.011676486148390659 10
1780898906306 0.00944388605827509 11
1780898922762 0.008549357569494914 12
1780898940492 0.007604846427606982 13
1780898957295 0.00782335081765818 14
1780898973378 0.009249455707017766 15
1780898989417 0.008349274480065633 16
1780899005499 0.00918670657069184 17
1780899021531 0.011294010073639626 18
1780899037728 0.008297236852867658 19
1780899053757 0.01164583688558534 20
1780899069837 0.009527995142825815 21
1780899085878 0.008346408605575562 22
1780899101912 0.010693976352381151 23
1780899118113 0.008291366488434548 24
1780899134221 0.008383786955545114 25
1780899150254 0.005811264695123185 26
1780899166289 0.009535528199617253 27
1780899182376 0.012641346731851267 28
1780899198411 0.007699501375819362 29
1780899214451 0.00720894267392713 30
1780899230655 0.0064438484435857726 31
1780899246744 0.01212298454240311 32
1780899262793 0.009092391923416493 33
1780899278838 0.007222605999125991 34
1780899295106 0.00606924295425415 35
1780899311514 0.006257175013076427 36
1780899327651 0.006329933571261029 37
1780899343797 0.007485368224077447 38
1780899359935 0.012942854748215786 39
1780899376130 0.006282423124756924 40
1780899392274 0.006396386512490206 41
1780899408417 0.006720151319060215 42
1780899424605 0.006099170030549515 43
1780899440748 0.006967796142711196 44
1780899456896 0.006974396317504173 45
1780899473032 0.008323049129441727 46
1780899483207 0.005650654435157776 47
