1780898743150 99.50036337209302 1
1780898759334 99.34593023255815 2
1780898775736 99.67296511627907 3
1780898791937 99.4095203488372 4
1780898808356 99.58212209302324 5
1780898824939 99.69113372093024 6
1780898841163 99.34593023255815 7
1780898857404 99.73655523255815 8
1780898873631 99.64571220930233 9
1780898889903 99.55486918604652 10
1780898906307 99.72747093023256 11
1780898922763 99.8001453488372 12
1780898940492 99.82739825581395 13
1780898957296 99.8092296511628 14
1780898973379 99.65479651162791 15
1780898989418 99.74563953488372 16
1780899005500 99.65479651162791 17
1780899021532 99.62754360465115 18
1780899037729 99.90007267441861 19
1780899053758 99.38226744186046 20
1780899069838 99.52761627906976 21
1780899085878 99.72747093023256 22
1780899101913 99.54578488372093 23
1780899118114 99.81831395348837 24
1780899134222 99.68204941860465 25
1780899150255 99.81831395348837 26
1780899166290 99.76380813953489 27
1780899182377 99.38226744186046 28
1780899198412 99.72747093023256 29
1780899214452 99.88190406976744 30
1780899230655 99.8546511627907 31
1780899246745 99.38226744186046 32
1780899262794 99.57303779069767 33
1780899278839 99.8546511627907 34
1780899295110 99.92732558139535 35
1780899311515 99.89098837209302 36
1780899327652 99.87281976744185 37
1780899343798 99.7547238372093 38
1780899359936 99.34593023255815 39
1780899376131 99.8546511627907 40
1780899392275 99.82739825581395 41
1780899408418 99.8092296511628 42
1780899424606 99.83648255813954 43
1780899440749 99.8092296511628 44
1780899456897 99.86373546511628 45
1780899473033 99.76380813953489 46
1780899483208 99.92732558139535 47
