1780910314610 0.6602242813933523 1
1780910332833 0.6602242813933523 2
1780911280007 0.6602242813933523 3
1780911296310 0.6602242813933523 4
1780911312350 0.6602242813933523 5
1780911328277 0.6602242813933523 6
1780912283484 0.6602242813933523 7
1780912299581 0.6602242813933523 8
1780912315512 0.6602242813933523 9
1780912422171 0.6602242813933523 10
1780912438110 0.6602242813933523 11
1780912454058 0.6602242813933523 12
1780913423741 0.6602242813933523 13
1780913439676 0.6602242813933523 14
1780913455605 0.6602242813933523 15
1780913471552 0.6602242813933523 16
1780913487499 0.6602242813933523 17
1780913503457 0.6602242813933523 18
1780913519687 0.6602242813933523 19
1780913535645 0.6602242813933523 20
1780913551592 0.6602242813933523 21
1780913567535 0.6602242813933523 22
1780913823699 0.6602242813933523 23
1780913839662 0.6602242813933523 24
1780913855601 0.6602242813933523 25
1780914808291 0.6602242813933523 26
1780914824241 0.6602242813933523 27
1780914840173 0.6602242813933523 28
1780914856510 0.6602242813933523 29
1780915808024 0.6602242813933523 30
1780915823963 0.6602242813933523 31
1780915839892 0.6602242813933523 32
1780916081636 0.6602242813933523 33
1780916097581 0.6602242813933523 34
1780916113525 0.6602242813933523 35
1780917031093 0.6602242813933523 36
1780917047028 0.6602242813933523 37
1780917062957 0.6602242813933523 38
1780917078906 0.6602242813933523 39
1780917094858 0.6602242813933523 40
1780917110808 0.6602242813933523 41
1780917126766 0.6602242813933523 42
1780917142723 0.6602242813933523 43
1780917158665 0.6602242813933523 44
1780917479924 0.6602242813933523 45
1780917495893 0.6602242813933523 46
1780917505888 0.6602242813933523 47
