1780910314609 99.00981104651163 1
1780910332832 99.59120639534885 2
1780911280006 99.53670058139535 3
1780911296309 99.64571220930233 4
1780911312349 99.47311046511628 5
1780911328276 99.42768895348837 6
1780912283483 99.40043604651163 7
1780912299580 99.79106104651163 8
1780912315511 99.61845930232558 9
1780912422170 99.30959302325581 10
1780912438109 99.56395348837209 11
1780912454057 99.59120639534885 12
1780913423740 99.50944767441861 13
1780913439675 99.55486918604652 14
1780913455604 99.59120639534885 15
1780913471551 99.69113372093024 16
1780913487497 99.76380813953489 17
1780913503456 99.71838662790698 18
1780913519686 99.81831395348837 19
1780913535644 99.63662790697676 20
1780913551591 99.34593023255815 21
1780913567534 99.609375 22
1780913823697 99.57303779069767 23
1780913839661 99.81831395348837 24
1780913855600 99.8546511627907 25
1780914808290 99.56395348837209 26
1780914824240 99.65479651162791 27
1780914840172 99.72747093023256 28
1780914856509 99.91824127906976 29
1780915808023 99.65479651162791 30
1780915823962 99.62754360465115 31
1780915839891 99.37318313953489 32
1780916081635 99.47311046511628 33
1780916097580 99.82739825581395 34
1780916113524 99.92732558139535 35
1780917031092 99.42768895348837 36
1780917047027 99.48219476744185 37
1780917062956 99.76380813953489 38
1780917078905 99.43677325581395 39
1780917094857 99.88190406976744 40
1780917110807 99.7547238372093 41
1780917126765 99.7547238372093 42
1780917142722 99.84556686046511 43
1780917158664 99.77289244186046 44
1780917479921 99.4095203488372 45
1780917495892 99.92732558139535 46
1780917505887 99.57303779069767 47
