1780706186597 8.418559439347305 1
1780706190039 7.023291783709919 2
1780706193472 5.859271747679383 3
1780706196911 4.888173020631514 4
1780706200345 4.078021383646073 5
1780706203779 3.4021419322277042 6
1780706207219 2.8382807832835533 7
1780706210623 2.3678723478422845 8
1780706214089 1.9754280438701732 9
1780706217512 1.648026322054359 10
1780706220902 1.3748872132355505 11
1780706224366 1.1470173891168394 12
1780706227911 0.9569140495824869 13
1780706231566 0.7983178868747552 14
1780706235183 0.666006992772487 15
