1780706186595 0.5153574466705322 1
1780706190038 2.819468307495117 2
1780706193470 3.311994934082031 3
1780706196910 3.7316646575927734 4
1780706200343 3.745503616333008 5
1780706203777 3.9911529541015627 6
1780706207217 4.129117584228515 7
1780706210621 4.4235889434814455 8
1780706214087 4.178910446166992 9
1780706217510 4.5322425842285154 10
1780706220900 4.351910018920899 11
1780706224364 3.419808578491211 12
1780706227909 2.945305061340332 13
1780706231564 1.6466129302978516 14
1780706235180 1.172975730895996 15
