1780709966101 0.6604486390020734 1
1780709969431 0.6604486390020734 2
1780709972760 0.6604486390020734 3
1780709975963 0.6604486390020734 4
1780709979149 0.6604486390020734 5
1780709982600 0.6604486390020734 6
1780709985975 0.6604486390020734 7
1780709989148 0.6604486390020734 8
1780709992322 0.6604486390020734 9
1780709995717 0.6604486390020734 10
1780709998909 0.6604486390020734 11
1780710002085 0.6604486390020734 12
1780710005277 0.6604486390020734 13
1780710008483 0.6604486390020734 14
1780710011703 0.6604486390020734 15
1780710014906 0.6604486390020734 16
1780710018106 0.6604486390020734 17
1780710021312 0.6604486390020734 18
1780710024523 0.6604486390020734 19
1780710027741 0.6604486390020734 20
1780710030974 0.6604486390020734 21
1780710034316 0.6604486390020734 22
1780710037494 0.6604486390020734 23
1780710040688 0.6604486390020734 24
1780710043872 0.6604486390020734 25
1780710047071 0.6604486390020734 26
1780710050283 0.6604486390020734 27
1780710053497 0.6604486390020734 28
1780710056917 0.6604486390020734 29
1780710060096 0.6604486390020734 30
1780710063278 0.6604486390020734 31
1780710066479 0.6604486390020734 32
1780710069683 0.6604486390020734 33
1780710072898 0.6604486390020734 34
1780710076107 0.6604486390020734 35
1780710079313 0.6604486390020734 36
1780710082522 0.6604486390020734 37
1780710085723 0.6604486390020734 38
1780710088923 0.6604486390020734 39
1780710092131 0.6604486390020734 40
1780710095366 0.6604486390020734 41
1780710098566 0.6604486390020734 42
1780710101761 0.6604486390020734 43
1780710104963 0.6604486390020734 44
1780710108183 0.6604486390020734 45
1780710111391 0.6604486390020734 46
1780710114594 0.6604486390020734 47
1780710118000 0.6604486390020734 48
1780710121183 0.6604486390020734 49
1780710124390 0.6604486390020734 50
