1780709966100 78.84765625 1
1780709969430 93.96484375 2
1780709972759 93.73046875 3
1780709975961 91.2109375 4
1780709979148 74.90234375 5
1780709982599 96.953125 6
1780709985974 96.97265625 7
1780709989147 96.6015625 8
1780709992321 96.81640625 9
1780709995716 98.3203125 10
1780709998908 98.33984375 11
1780710002084 96.2890625 12
1780710005275 94.4921875 13
1780710008481 98.1640625 14
1780710011700 97.03125 15
1780710014904 97.6171875 16
1780710018104 96.71875 17
1780710021310 97.96875 18
1780710024521 91.26953125 19
1780710027738 95.91796875 20
1780710030972 98.5546875 21
1780710034314 99.47265625 22
1780710037493 98.0859375 23
1780710040687 96.11328125 24
1780710043871 99.53125 25
1780710047069 98.26171875 26
1780710050281 99.55078125 27
1780710053495 96.03515625 28
1780710056915 99.90234375 29
1780710060095 99.140625 30
1780710063276 95.546875 31
1780710066477 99.39453125 32
1780710069681 99.58984375 33
1780710072896 98.9453125 34
1780710076105 95.99609375 35
1780710079311 97.8515625 36
1780710082520 99.4921875 37
1780710085721 99.82421875 38
1780710088921 98.73046875 39
1780710092129 97.421875 40
1780710095364 99.765625 41
1780710098564 96.875 42
1780710101760 99.375 43
1780710104961 99.62890625 44
1780710108181 99.9609375 45
1780710111389 99.23828125 46
1780710114593 92.3828125 47
1780710117998 99.66796875 48
1780710121182 97.734375 49
1780710124389 98.0859375 50
