1780709966100 0.42943358421325684 1
1780709969429 0.16117364168167114 2
1780709972758 0.16860865354537963 3
1780709975961 0.2545464038848877 4
1780709979147 0.6560299873352051 5
1780709982598 0.0825757622718811 6
1780709985973 0.07833095192909241 7
1780709989146 0.09357274174690247 8
1780709992320 0.0881798267364502 9
1780709995715 0.050886571407318115 10
1780709998908 0.05053465962409973 11
1780710002083 0.09338297843933105 12
1780710005275 0.15049452781677247 13
1780710008480 0.0481090247631073 14
1780710011699 0.08188644051551819 15
1780710014903 0.069489985704422 16
1780710018103 0.08774114847183227 17
1780710021309 0.05408005118370056 18
1780710024520 0.22587828636169432 19
1780710027737 0.10022062063217163 20
1780710030971 0.0370991587638855 21
1780710034313 0.01657463163137436 22
1780710037492 0.050734984874725345 23
1780710040686 0.09813784956932067 24
1780710043870 0.014491693675518036 25
1780710047068 0.04418676495552063 26
1780710050280 0.011423424631357194 27
1780710053494 0.12309316396713257 28
1780710056914 0.0027841538190841674 29
1780710060095 0.02618512213230133 30
1780710063276 0.16929352283477783 31
1780710066476 0.01895557641983032 32
1780710069680 0.014115478098392486 33
1780710072895 0.032854440808296206 34
1780710076104 0.1375398278236389 35
1780710079310 0.0556496262550354 36
1780710082519 0.013140259683132172 37
1780710085720 0.004529869183897972 38
1780710088920 0.029456248879432677 39
1780710092128 0.06440756916999817 40
1780710095363 0.006248465180397034 41
1780710098563 0.08523926138877869 42
1780710101759 0.01749783456325531 43
1780710104960 0.008811545372009278 44
1780710108180 0.0012628027237951756 45
1780710111389 0.02234320342540741 46
1780710114592 0.23635826110839844 47
1780710117997 0.01156739741563797 48
1780710121181 0.07123924493789673 49
1780710124389 0.055898910760879515 50
