1780709275286 9.871720115792458 1
1780709278759 9.73846602312333 2
1780709282170 9.607010669985385 3
1780709285626 9.477329775969402 4
1780709289074 9.349399388416924 5
1780709292497 9.223195877996107 6
1780709295948 9.098695934337265 7
1780709299395 8.97587656172734 8
1780709302797 8.854715074862488 9
1780709306252 8.735189094657999 10
1780709309695 8.617276544114779 11
1780709313102 8.500955644241614 12
1780709316558 8.386204910032514 13
1780709320000 8.273003146498311 14
1780709323398 8.161329444751857 15
1780709326851 8.051163178146055 16
1780709330292 7.942483998464022 17
1780709333700 7.835271832160679 18
1780709337157 7.729506876655075 19
1780709340602 7.625169596672762 20
1780709344003 7.522240720637536 21
1780709347452 7.420701237111888 22
1780709350897 7.320532391285504 23
1780709354302 7.221715681511169 24
1780709357759 7.124232855887427 25
1780709361202 7.028065908887363 26
1780709364620 6.93319707803291 27
1780709368071 6.839608840614027 28
1780709371518 6.747283910452188 29
1780709374925 6.656205234707526 30
1780709378391 6.566355990729111 31
1780709381836 6.477719582947724 32
1780709385236 6.390279639810574 33
1780709388691 6.304020010757405 34
1780709392137 6.218924763237407 35
1780709395545 6.134978179766401 36
1780709399018 6.052164755023752 37
1780709402471 5.970469192988459 38
1780709405881 5.889876404113914 39
1780709409393 5.810371502540789 40
1780709412831 5.731939803347555 41
1780709416232 5.654566819838102 42
1780709419696 5.578238260865986 43
1780709423155 5.502940028194785 44
1780709426572 5.42865821389409 45
1780709430023 5.3553790977706495 46
1780709433478 5.283089144834179 47
1780709436882 5.2117750027973955 48
1780709440339 5.14142349960978 49
1780709443783 5.072021641024648 50
1780709447215 5.003556608199041 51
1780709450664 4.93601575532604 52
1780709454113 4.869386607299015 53
1780709457530 4.8036568574074225 54
1780709460993 4.738814365063698 55
1780709464449 4.674847153560831 56
1780709467879 4.611743407860217 57
1780709471328 4.5494914724093585 58
1780709474792 4.488079848989038 59
1780709478207 4.42749719458954 60
1780709481669 4.367732319315543 61
1780709485118 4.308774184319299 62
1780709488526 4.250611899761707 63
1780709491995 4.193234722800904 64
1780709495449 4.136632055608017 65
1780709498851 4.080793443409698 66
1780709502323 4.025708572557073 67
1780709505775 3.971367268620767 68
1780709509194 3.917759494511639 69
1780709512661 3.8648753486268865 70
1780709516114 3.812705063021173 71
1780709519521 3.7612390016024437 72
1780709522994 3.7104676583520946 73
1780709526436 3.6603816555691675 74
1780709529854 3.610971742138246 75
1780709533329 3.562228791820731 76
1780709536785 3.5141438015691797 77
1780709540210 3.466707889864409 78
1780709543664 3.419912295075029 79
1780709547147 3.373748373839136 80
1780709550605 3.3282075994678406 81
1780709554055 3.283281560370349 82
1780709557506 3.238961958500304 83
1780709560964 3.1952406078230986 84
1780709564419 3.1521094328038766 85
1780709567877 3.1095604669159425 86
1780709571339 3.0675858511693117 87
1780709574786 3.0261778326591147 88
1780709578250 2.9853287631336007 89
1780709581709 2.9450310975814724 90
1780709585168 2.905277392838286 91
1780709588617 2.866060306211664 92
1780709592082 2.827372594125068 93
1780709595538 2.7892071107798735 94
1780709598993 2.7515568068355116 95
1780709602451 2.7144147281074216 96
1780709605906 2.677774014282581 97
1780709609355 2.641627897652374 98
1780709612816 2.605969701862565 99
1780709616272 2.5707928406801446 100
1780709619726 2.5360908167768237 101
1780709623169 2.501857220528944 102
1780709626635 2.4680857288335956 103
1780709630089 2.434770103940705 104
1780709633535 2.401904192300898 105
1780709636996 2.3694819234289097 106
1780709640447 2.33749730878234 107
1780709643904 2.305944440655536 108
1780709647351 2.2748174910884176 109
1780709650790 2.244110710790026 110
1780709654234 2.2138184280766002 111
1780709657686 2.1839350478239923 112
1780709661135 2.1544550504342226 113
1780709664572 2.125372990815985 114
1780709668027 2.096683497378911 115
1780709671464 2.068381271041416 116
1780709674895 2.040461084251931 117
1780709678326 2.0129177800233515 118
1780709681762 1.9857462709805185 119
1780709685231 1.9589415384205564 120
1780709688672 1.932498631385895 121
1780709692109 1.9064126657498048 122
1780709695554 1.8806788233142777 123
1780709698994 1.8552923509200823 124
1780709702445 1.8302485595688336 125
1780709705888 1.805542823556914 126
1780709709347 1.7811705796210842 127
1780709712786 1.7571273260956268 128
1780709716247 1.7334086220808698 129
1780709719735 1.7100100866229295 130
1780709723214 1.68692739790453 131
1780709726685 1.6641562924467443 132
1780709730140 1.6416925643215055 133
1780709733596 1.6195320643747588 134
1780709737070 1.5976706994600895 135
1780709740532 1.5761044316827015 136
1780709743994 1.5548292776535995 137
1780709747444 1.5338413077538373 138
1780709750892 1.5131366454087014 139
1780709754322 1.492711466371688 140
1780709757755 1.4725619980181481 141
1780709761179 1.4526845186484656 142
1780709764612 1.4330753568006416 143
1780709768040 1.4137308905721613 144
1780709771465 1.3946475469510087 145
1780709774892 1.3758218011557162 146
1780709778334 1.3572501759843216 147
1780709781765 1.3389292411721128 148
1780709785199 1.3208556127580404 149
1780709788625 1.3030259524596874 150
1780709792046 1.2854369670566703 151
1780709795482 1.268085407782368 152
1780709798905 1.2509680697238592 153
1780709802324 1.2340817912299593 154
1780709805749 1.2174234533272503 155
1780709809184 1.2009899791439906 156
1780709812621 1.1847783333418045 157
1780709816058 1.1687855215550378 158
1780709819496 1.1530085898376896 159
1780709822997 1.1374446241178007 160
1780709826454 1.1220907496592125 161
1780709829902 1.106944130530591 162
1780709833361 1.0920019690816152 163
1780709836810 1.0772615054262402 164
1780709840275 1.0627200169329323 165
1780709843731 1.0483748177217862 166
1780709847186 1.034223258168432 167
1780709850655 1.0202627244146365 168
1780709854124 1.0064906378855107 169
1780709857726 0.9929044548132366 170
1780709861184 0.9795016657672211 171
1780709864797 0.9662797951905923 172
1780709868422 0.9532364009429528 173
1780709871881 0.9403690738493055 174
1780709875350 0.9276754372550676 175
1780709878967 0.9151531465870912 176
1780709882416 0.902799888920611 177
1780709885874 0.8906133825520347 178
1780709889328 0.8785913765775037 179
1780709892792 0.8667316504771393 180
1780709896252 0.8550320137049032 181
1780709899718 0.8434903052839938 182
1780709903365 0.8321043934077026 183
1780709906826 0.820872175045661 184
1780709910299 0.8097915755554006 185
1780709913918 0.7988605482991564 186
1780709917368 0.788077074265845 187
1780709920825 0.7774391616981419 188
1780709924291 0.766944845724596 189
1780709927758 0.756592187996709 190
1780709931211 0.7463792763309128 191
1780709934677 0.7363042243553806 192
1780709938131 0.7263651711616053 193
1780709941605 0.7165602809606814 194
1780709945066 0.7068877427442262 195
1780709948526 0.6973457699498781 196
1780709951998 0.6879326001313103 197
1780709955450 0.6786464946326989 198
1780709958904 0.6694857382675854 199
1780709962363 0.6604486390020734 200
