1780709275284 1.870358657836914 1
1780709278757 3.2403095245361326 2
1780709282168 3.9177356719970704 3
1780709285624 3.8391796112060548 4
1780709289072 3.9832813262939455 5
1780709292495 4.905165481567383 6
1780709295946 5.784502029418945 7
1780709299393 5.759124755859375 8
1780709302796 5.888168716430664 9
1780709306250 5.774790954589844 10
1780709309693 5.5130470275878904 11
1780709313100 5.469992828369141 12
1780709316556 5.358747482299805 13
1780709319999 5.391443252563477 14
1780709323396 5.704707336425781 15
1780709326849 6.409568023681641 16
1780709330290 5.394145584106445 17
1780709333698 5.141224670410156 18
1780709337155 5.329794311523438 19
1780709340601 5.491577911376953 20
1780709344002 6.0330558776855465 21
1780709347450 6.461871337890625 22
1780709350895 6.741314697265625 23
1780709354300 6.996653747558594 24
1780709357757 6.605183410644531 25
1780709361200 6.0948638916015625 26
1780709364618 6.789482116699219 27
1780709368070 5.7428131103515625 28
1780709371516 5.726428985595703 29
1780709374923 5.676832962036133 30
1780709378389 4.997603988647461 31
1780709381834 5.282879638671875 32
1780709385234 4.706719970703125 33
1780709388689 4.368604278564453 34
1780709392135 4.3329826354980465 35
1780709395544 3.5043312072753907 36
1780709399016 4.565176391601563 37
1780709402469 7.595418548583984 38
1780709405879 7.5325469970703125 39
1780709409390 6.709837341308594 40
1780709412830 5.943643951416016 41
1780709416230 5.341281890869141 42
1780709419694 5.072303009033203 43
1780709423154 6.769828796386719 44
1780709426570 6.132065200805664 45
1780709430021 5.818188095092774 46
1780709433476 5.835823059082031 47
1780709436881 5.979523086547852 48
1780709440337 4.402129745483398 49
1780709443782 5.692735290527343 50
1780709447213 7.093984985351563 51
1780709450661 5.810421752929687 52
1780709454112 4.914725875854492 53
1780709457528 5.820071411132813 54
1780709460991 6.039191055297851 55
1780709464448 4.47448616027832 56
1780709467877 7.418815612792969 57
1780709471327 3.9691661834716796 58
1780709474790 5.166184997558593 59
1780709478205 5.181995391845703 60
1780709481667 5.152080535888672 61
1780709485116 5.620496368408203 62
1780709488524 5.679681396484375 63
1780709491992 5.637534332275391 64
1780709495447 4.720495223999023 65
1780709498849 6.600192260742188 66
1780709502321 5.210958862304688 67
1780709505773 5.008520889282226 68
1780709509193 5.174354171752929 69
1780709512659 5.485265731811523 70
1780709516112 6.092503356933594 71
1780709519519 6.266172790527344 72
1780709522992 5.24429931640625 73
1780709526434 6.060759735107422 74
1780709529852 5.474311828613281 75
1780709533327 5.496912002563477 76
1780709536783 5.783082580566406 77
1780709540207 5.833819961547851 78
1780709543662 5.423540878295898 79
1780709547146 5.703208160400391 80
1780709550603 6.757210540771484 81
1780709554053 4.151823425292969 82
1780709557504 3.545120620727539 83
1780709560963 4.080139923095703 84
1780709564417 5.014168930053711 85
1780709567875 5.5196678161621096 86
1780709571337 4.140499877929687 87
1780709574785 4.707993698120117 88
1780709578248 3.494353485107422 89
1780709581707 3.8509201049804687 90
1780709585166 5.159371948242187 91
1780709588615 3.750444030761719 92
1780709592080 4.782021331787109 93
1780709595536 3.644308090209961 94
1780709598991 4.879932403564453 95
1780709602449 5.133272171020508 96
1780709605904 4.894429016113281 97
1780709609354 4.895116806030273 98
1780709612815 4.147624969482422 99
1780709616270 4.936878204345703 100
1780709619724 5.368893432617187 101
1780709623167 4.574336242675781 102
1780709626633 4.395293045043945 103
1780709630087 3.6414772033691407 104
1780709633533 3.5803577423095705 105
1780709636995 4.2546531677246096 106
1780709640445 5.715503311157226 107
1780709643902 4.262702560424804 108
1780709647349 4.374850845336914 109
1780709650788 3.838276672363281 110
1780709654232 4.209932708740235 111
1780709657684 3.5537994384765623 112
1780709661133 3.7376426696777343 113
1780709664570 4.806344223022461 114
1780709668025 5.1093505859375 115
1780709671463 4.1706890106201175 116
1780709674894 3.916883087158203 117
1780709678324 3.8741870880126954 118
1780709681761 4.451424407958984 119
1780709685229 2.535447692871094 120
1780709688670 3.511897659301758 121
1780709692107 2.985158348083496 122
1780709695553 3.818065643310547 123
1780709698992 4.061580657958984 124
1780709702443 3.011103057861328 125
1780709705886 3.1048305511474608 126
1780709709345 3.7689743041992188 127
1780709712784 3.6576305389404298 128
1780709716245 2.8820594787597655 129
1780709719733 3.602079391479492 130
1780709723212 2.8473621368408204 131
1780709726683 3.3478809356689454 132
1780709730138 3.183292579650879 133
1780709733594 2.9258060455322266 134
1780709737068 3.4813743591308595 135
1780709740530 2.9721120834350585 136
1780709743992 2.525558280944824 137
1780709747442 2.518609619140625 138
1780709750890 3.0687084197998047 139
1780709754320 2.9239620208740233 140
1780709757753 2.9459230422973635 141
1780709761177 3.2759628295898438 142
1780709764610 2.9626415252685545 143
1780709768038 2.6375118255615235 144
1780709771463 2.28411865234375 145
1780709774890 2.4562957763671873 146
1780709778332 2.7530195236206056 147
1780709781763 3.1072011947631837 148
1780709785197 2.6240163803100587 149
1780709788624 2.631245803833008 150
1780709792045 2.291481590270996 151
1780709795480 2.1907649993896485 152
1780709798903 2.56469669342041 153
1780709802322 2.253383255004883 154
1780709805747 2.076641082763672 155
1780709809183 1.9940956115722657 156
1780709812620 2.662891960144043 157
1780709816056 2.0545120239257812 158
1780709819494 2.041397285461426 159
1780709822995 1.515449333190918 160
1780709826452 2.104232406616211 161
1780709829900 2.5243749618530273 162
1780709833359 1.528953456878662 163
1780709836808 3.1166522979736326 164
1780709840274 3.0522348403930666 165
1780709843729 1.3804914474487304 166
1780709847185 1.5779498100280762 167
1780709850654 1.3982892036437988 168
1780709854123 1.5693291664123534 169
1780709857724 1.4156490325927735 170
1780709861182 1.5920591354370117 171
1780709864796 1.5587042808532714 172
1780709868420 1.4475950241088866 173
1780709871879 1.5248992919921875 174
1780709875348 2.081014633178711 175
1780709878965 1.1285572052001953 176
1780709882414 1.3638158798217774 177
1780709885872 1.7162120819091797 178
1780709889326 1.4119592666625977 179
1780709892790 1.4290500640869142 180
1780709896251 1.3273877143859862 181
1780709899716 1.3581703186035157 182
1780709903362 1.2054865837097168 183
1780709906824 1.2641730308532715 184
1780709910298 0.9033547401428222 185
1780709913916 1.0650431632995605 186
1780709917367 1.2973472595214843 187
1780709920823 1.0941811561584474 188
1780709924289 1.0920988082885743 189
1780709927756 0.9700159072875977 190
1780709931209 1.176968479156494 191
1780709934675 1.2848239898681642 192
1780709938129 0.9491977691650391 193
1780709941603 0.9557393074035645 194
1780709945065 1.1963066101074218 195
1780709948525 0.9618328094482422 196
1780709951996 1.0565269470214844 197
1780709955448 1.4478425979614258 198
1780709958902 0.7723607063293457 199
1780709962361 1.1301823616027833 200
