1780709275284 51.15234374999999 1
1780709278758 49.4140625 2
1780709282169 49.74609375 3
1780709285625 49.4921875 4
1780709289073 49.39453125 5
1780709292495 49.5703125 6
1780709295946 49.5703125 7
1780709299394 49.62890625 8
1780709302796 49.39453125 9
1780709306250 49.6484375 10
1780709309694 49.47265625 11
1780709313101 49.7265625 12
1780709316557 49.70703125 13
1780709319999 49.53125 14
1780709323397 49.47265625 15
1780709326850 49.47265625 16
1780709330291 49.78515625 17
1780709333699 49.609375 18
1780709337156 49.375 19
1780709340601 49.5703125 20
1780709344002 49.5703125 21
1780709347450 49.453125 22
1780709350896 49.5703125 23
1780709354301 49.47265625 24
1780709357758 49.78515625 25
1780709361200 49.8046875 26
1780709364619 50.44921875 27
1780709368070 49.39453125 28
1780709371517 49.78515625 29
1780709374923 50.546875 30
1780709378390 53.92578125000001 31
1780709381834 54.62890625 32
1780709385235 58.96484374999999 33
1780709388690 53.57421875 34
1780709392136 54.98046875 35
1780709395544 61.171875 36
1780709399016 56.2890625 37
1780709402470 51.05468749999999 38
1780709405880 52.79296875 39
1780709409391 55.41015625 40
1780709412830 56.09375 41
1780709416231 57.89062499999999 42
1780709419695 58.88671875 43
1780709423154 52.59765625 44
1780709426571 54.296875 45
1780709430022 54.96093749999999 46
1780709433477 56.89453125 47
1780709436881 57.16796875 48
1780709440338 65.6640625 49
1780709443782 57.6171875 50
1780709447214 51.81640625 51
1780709450662 56.91406249999999 52
1780709454112 62.59765625 53
1780709457528 58.69140625 54
1780709460991 56.11328125 55
1780709464448 64.921875 56
1780709467878 50.68359375 57
1780709471327 66.09375 58
1780709474790 57.24609375000001 59
1780709478206 59.00390625000001 60
1780709481668 60.56640625000001 61
1780709485117 57.12890625 62
1780709488524 57.08984375 63
1780709491993 57.20703124999999 64
1780709495447 63.046875 65
1780709498850 52.34375 66
1780709502321 58.61328125000001 67
1780709505773 59.375 68
1780709509193 58.67187499999999 69
1780709512660 58.2421875 70
1780709516113 53.73046875000001 71
1780709519520 52.71484374999999 72
1780709522993 61.01562499999999 73
1780709526435 54.12109375000001 74
1780709529853 52.51953124999999 75
1780709533328 55.58593750000001 76
1780709536783 53.1640625 77
1780709540208 53.24218750000001 78
1780709543663 55.87890625000001 79
1780709547146 52.890625 80
1780709550603 50.37109374999999 81
1780709554054 57.91015625 82
1780709557504 68.10546875 83
1780709560963 61.03515625 84
1780709564418 55.58593750000001 85
1780709567876 53.1640625 86
1780709571338 64.296875 87
1780709574785 59.90234375 88
1780709578249 67.3046875 89
1780709581708 64.82421875 90
1780709585167 57.1875 91
1780709588616 65.546875 92
1780709592081 62.08984374999999 93
1780709595537 68.80859375 94
1780709598992 59.45312499999999 95
1780709602450 59.06249999999999 96
1780709605905 59.55078124999999 97
1780709609354 58.90625000000001 98
1780709612815 63.2421875 99
1780709616271 57.36328125 100
1780709619725 56.50390625 101
1780709623167 58.828125 102
1780709626634 60.85937500000001 103
1780709630088 65.8203125 104
1780709633534 64.47265625 105
1780709636995 64.8828125 106
1780709640446 57.79296874999999 107
1780709643903 65.09765625 108
1780709647350 62.32421875000001 109
1780709650788 65.3515625 110
1780709654233 62.42187500000001 111
1780709657685 68.14453125 112
1780709661134 65.078125 113
1780709664571 60.05859375 114
1780709668026 57.92968750000001 115
1780709671463 63.37890625 116
1780709674894 65.64453125 117
1780709678325 62.6953125 118
1780709681761 61.44531250000001 119
1780709685230 71.42578125 120
1780709688671 67.109375 121
1780709692108 71.171875 122
1780709695553 63.73046875 123
1780709698993 60.85937500000001 124
1780709702444 69.765625 125
1780709705887 69.4921875 126
1780709709346 61.9140625 127
1780709712785 66.46484375 128
1780709716246 69.21875 129
1780709719734 63.76953125 130
1780709723213 70.5859375 131
1780709726684 67.4609375 132
1780709730138 67.36328125 133
1780709733595 69.16015625 134
1780709737069 67.32421875 135
1780709740531 69.82421875 136
1780709743993 74.00390625 137
1780709747443 72.734375 138
1780709750891 70.625 139
1780709754321 70.1953125 140
1780709757754 72.2265625 141
1780709761178 67.67578125 142
1780709764611 72.3046875 143
1780709768039 71.953125 144
1780709771464 76.50390625 145
1780709774890 73.57421875 146
1780709778333 71.4453125 147
1780709781764 67.55859375 148
1780709785198 72.1484375 149
1780709788624 74.90234375 150
1780709792045 75.078125 151
1780709795481 75.5859375 152
1780709798904 73.6328125 153
1780709802323 74.453125 154
1780709805748 77.28515625 155
1780709809183 77.1875 156
1780709812620 74.04296875 157
1780709816057 76.03515625 158
1780709819494 76.73828125 159
1780709822996 82.05078125 160
1780709826453 68.88671875 161
1780709829901 70.078125 162
1780709833359 81.484375 163
1780709836809 62.36328125 164
1780709840274 67.0703125 165
1780709843730 82.44140625 166
1780709847185 79.765625 167
1780709850654 82.01171875 168
1780709854123 80.87890625 169
1780709857725 81.40625 170
1780709861182 80.09765625 171
1780709864796 81.66015625 172
1780709868421 81.9921875 173
1780709871880 79.4140625 174
1780709875348 75.5078125 175
1780709878965 84.53125 176
1780709882415 80.46875 177
1780709885873 80.0390625 178
1780709889327 81.40625 179
1780709892790 81.5234375 180
1780709896251 82.94921875 181
1780709899717 81.03515625 182
1780709903363 82.96875 183
1780709906825 83.2421875 184
1780709910298 83.84765625 185
1780709913917 85.8203125 186
1780709917367 83.92578125 187
1780709920824 84.453125 188
1780709924290 84.140625 189
1780709927756 85.3125 190
1780709931210 82.0703125 191
1780709934676 80.3515625 192
1780709938130 84.94140625 193
1780709941603 84.609375 194
1780709945065 81.5234375 195
1780709948525 84.5703125 196
1780709951996 84.62890625 197
1780709955448 77.51953125 198
1780709958903 85.56640625 199
1780709962362 81.3671875 200
