1780885677108 0.017613312472467838 1
1780885684546 0.021546779767326687 2
1780885692111 0.014181904170824133 3
1780885699569 0.01403993238573489 4
1780885707031 0.014555591603984003 5
1780885714624 0.012513973142789759 6
1780885722240 0.0105956151433613 7
1780885729722 0.009706007397693136 8
1780885737131 0.01339362885641015 9
1780885744637 0.012530269830123238 10
1780885752144 0.01183363017828568 11
1780885759563 0.009532360279041788 12
1780885767293 0.008209157249201899 13
1780885774891 0.008444074055422907 14
1780885782248 0.008510937509329422 15
1780885789746 0.009906027628027874 16
1780885797189 0.03442265935566114 17
1780885804546 0.013143854296725729 18
1780885812046 0.00837691711342853 19
1780885819481 0.011302569638127867 20
1780885827036 0.007339117319687553 21
1780885834451 0.007052934688070546 22
1780885841899 0.007533537304919699 23
1780885849264 0.013481068870295649 24
1780885856779 0.011683083098867664 25
1780885864244 0.00963079281475233 26
1780885871831 0.006578736331151879 27
1780885879472 0.006391314060791679 28
1780885886941 0.009276072616162508 29
1780885894343 0.009491402817809063 30
1780885901875 0.007353983495546424 31
1780885909329 0.006753730385199837 32
1780885916664 0.01568829365398573 33
1780885924122 0.007762127596399058 34
1780885931539 0.008548786458761795 35
1780885938873 0.005640657699626425 36
1780885946548 0.005655972853950832 37
1780885953958 0.006307759362718333 38
1780885961298 0.014383505219998568 39
1780885968757 0.006735956539278445 40
1780885976176 0.0070359817017679625 41
1780885983505 0.005195558395074761 42
1780885990986 0.005984916635181593 43
1780885995639 0.005338116832401442 44
