1780884295653 9.848269726542963 1
1780884303621 9.69554691708051 2
1780884311496 9.545192468475113 3
1780884319489 9.397169653186413 4
1780884327483 9.251442313229232 5
1780884335339 9.107974851341167 6
1780884343330 8.966732222287131 7
1780884351290 8.82767992429875 8
1780884359153 8.690783990646509 9
1780884367177 8.556010981342592 10
1780884375159 8.423327974972404 11
1780884383041 8.29270256065274 12
1780884391033 8.1641028301147 13
1780884398996 8.03749736990934 14
1780884406862 7.912855253734224 15
1780884414866 7.790146034878961 16
1780884422845 7.669339738787887 17
1780884430736 7.550406855738096 18
1780884438746 7.433318333631008 19
1780884446724 7.3180455708957215 20
1780884454613 7.204560409502424 21
1780884462604 7.092835128084141 22
1780884470589 6.982842435165154 23
1780884478492 6.87455546249443 24
1780884486488 6.767947758482434 25
1780884494517 6.662993281739706 26
1780884502435 6.55966639471567 27
1780884510414 6.457941857436056 28
1780884518414 6.357794821337459 29
1780884526314 6.25920082319751 30
1780884534318 6.162135779159161 31
1780884542314 6.066575978847656 32
1780884550213 5.972498079578718 33
1780884558258 5.879879100656563 34
1780884566246 5.788696417760341 35
1780884574146 5.698927757417613 36
1780884582155 5.610551191563552 37
1780884590166 5.523545132184502 38
1780884598049 5.437888326044607 39
1780884606016 5.353559849494226 40
1780884614017 5.270539103358837 41
1780884621925 5.188805807907229 42
1780884629957 5.108339997897691 43
1780884637948 5.029122017701059 44
1780884645848 4.95113251649937 45
1780884653868 4.87435244355897 46
1780884661856 4.7987630435769475 47
1780884669817 4.724345852099707 48
1780884677853 4.651082691012603 49
1780884685889 4.5789556640995235 50
1780884693824 4.507947152671316 51
1780884701846 4.4380398112620245 52
1780884709858 4.369216563391855 53
1780884717773 4.301460597395853 54
1780884725797 4.234755362317271 55
1780884733805 4.1690845638646055 56
1780884741736 4.104432160431353 57
1780884749755 4.0407823591774665 58
1780884757775 3.978119612171599 59
1780884765651 3.9164286125931587 60
1780884773682 3.8556942909932634 61
1780884781683 3.7959018116136867 62
1780884789557 3.7370365687628744 63
1780884797555 3.679084183248171 64
1780884805545 3.622030498863374 65
1780884813425 3.5658615789307464 66
1780884821424 3.5105637028966696 67
1780884829452 3.456123362980077 68
1780884837349 3.4025272608728665 69
1780884845344 3.349762304491488 70
1780884853339 3.297815604778893 71
1780884861211 3.2466744725560917 72
1780884869221 3.196326415422521 73
1780884877213 3.146759134704496 74
1780884885108 3.09796052245097 75
1780884893114 3.0499186584758893 76
1780884901085 3.002621807446414 77
1780884908919 2.9560584160162904 78
1780884916856 2.910217110003685 79
1780884924748 2.8650866916127704 80
1780884932543 2.8206561366984104 81
1780884940478 2.776914592073261 82
1780884948388 2.7338513728566216 83
1780884956197 2.691455959864414 84
1780884964157 2.649717997039623 85
1780884972107 2.6086272889225977 86
1780884979953 2.5681737981605677 87
1780884987908 2.528347643055795 88
1780884995856 2.489139095151736 89
1780885003695 2.4505385768566454 90
1780885011674 2.4125366591040294 91
1780885019657 2.375124059049373 92
1780885027551 2.338291637802598 93
1780885035558 2.302030398195676 94
1780885043534 2.2663314825848597 95
1780885051359 2.2311861706870033 96
1780885059365 2.196585877449431 97
1780885067315 2.1625221509528396 98
1780885075108 2.1289866703467206 99
1780885083065 2.0959712438168054 100
1780885090966 2.063467806584022 101
1780885098803 2.0314684189344856 102
1780885106758 1.9999652642800456 103
1780885114651 1.9689506472488985 104
1780885122445 1.93841699180582 105
1780885130377 1.9083568394015393 106
1780885138273 1.8787628471508213 107
1780885146071 1.8496277860387949 108
1780885153990 1.8209445391550985 109
1780885161981 1.7927060999554136 110
1780885169856 1.7649055705499526 111
1780885177796 1.7375361600184909 112
1780885185735 1.7105911827515268 113
1780885193592 1.6840640568171705 114
1780885201525 1.6579483023533519 115
1780885209452 1.6322375399849665 116
1780885217251 1.6069254892655662 117
1780885225188 1.5820059671432158 118
1780885233087 1.5574728864501375 119
1780885240923 1.5333202544157831 120
1780885248879 1.5095421712029602 121
1780885256796 1.4861328284666608 122
1780885264589 1.4630865079352384 123
1780885272554 1.4403975800135904 124
1780885280548 1.4180605024079984 125
1780885288372 1.3960698187722942 126
1780885296317 1.3744201573750239 127
1780885304247 1.3531062297872767 128
1780885312076 1.3321228295908647 129
1780885320018 1.3114648311065351 130
1780885327941 1.2911271881419064 131
1780885335766 1.2711049327588173 132
1780885343709 1.2513931740597941 133
1780885351645 1.2319870969933369 134
1780885359474 1.2128819611777322 135
1780885367448 1.1940730997431035 136
1780885375369 1.1755559181914235 137
1780885383193 1.1573258932742008 138
1780885391143 1.1393785718875715 139
1780885399091 1.1217095699845263 140
1780885406917 1.1043145715040072 141
1780885414859 1.0871893273166084 142
1780885422793 1.0703296541866287 143
1780885430633 1.053731433750221 144
1780885438566 1.0373906115093865 145
1780885446522 1.0213031958415684 146
1780885454355 1.0054652570246083 147
1780885462431 0.9898729262768201 148
1780885470534 0.9745223948119512 149
1780885478535 0.9594099129087972 150
1780885486456 0.944531788995248 151
1780885494408 0.9298843887465359 152
1780885502267 0.9154641341974661 153
1780885510223 0.9012675028684185 154
1780885518161 0.8872910269049001 155
1780885525993 0.8735312922304407 156
1780885534172 0.8599849377126272 157
1780885542087 0.846648654342069 158
1780885550176 0.8335191844240964 159
1780885558094 0.8205933207829931 160
1780885566039 0.8078679059785697 161
1780885573871 0.7953398315348872 162
1780885581827 0.7830060371809382 163
1780885589754 0.7708635101031067 164
1780885597581 0.7589092842092183 165
1780885605538 0.7471404394040047 166
1780885613465 0.7355541008758003 167
1780885621284 0.7241474383943072 168
1780885629230 0.7129176656192435 169
1780885637202 0.7018620394197156 170
1780885645049 0.6909778592041466 171
1780885652994 0.6802624662605933 172
1780885660949 0.6697132431072949 173
1780885668361 0.6602242813933523 174
