1780884295651 69.08967391304348 1
1780884303620 69.09816576086956 2
1780884311494 69.10665760869566 3
1780884319487 69.12364130434783 4
1780884327481 69.07269021739131 5
1780884335336 69.10665760869566 6
1780884343328 69.12364130434783 7
1780884351287 69.1321331521739 8
1780884359152 69.08118206521739 9
1780884367175 69.16610054347827 10
1780884375158 69.17459239130434 11
1780884383039 69.11514945652173 12
1780884391031 69.12364130434783 13
1780884398995 69.140625 14
1780884406860 69.1321331521739 15
1780884414864 69.03872282608695 16
1780884422844 69.07269021739131 17
1780884430734 69.12364130434783 18
1780884438744 69.1321331521739 19
1780884446722 69.1491168478261 20
1780884454611 69.29347826086956 21
1780884462603 69.15760869565217 22
1780884470587 69.10665760869566 23
1780884478489 69.17459239130434 24
1780884486486 69.140625 25
1780884494515 69.00475543478261 26
1780884502433 69.06419836956522 27
1780884510413 69.12364130434783 28
1780884518412 69.15760869565217 29
1780884526312 69.10665760869566 30
1780884534317 69.20855978260869 31
1780884542312 69.1491168478261 32
1780884550211 69.08118206521739 33
1780884558257 69.18308423913044 34
1780884566244 69.08118206521739 35
1780884574144 69.10665760869566 36
1780884582154 69.08967391304348 37
1780884590164 69.12364130434783 38
1780884598047 69.140625 39
1780884606015 69.08967391304348 40
1780884614015 69.16610054347827 41
1780884621924 69.1491168478261 42
1780884629955 69.11514945652173 43
1780884637947 69.02173913043478 44
1780884645847 69.03872282608695 45
1780884653866 69.04721467391305 46
1780884661855 69.1321331521739 47
1780884669816 69.12364130434783 48
1780884677852 69.03872282608695 49
1780884685888 69.17459239130434 50
1780884693822 69.12364130434783 51
1780884701844 69.11514945652173 52
1780884709856 69.08967391304348 53
1780884717771 69.11514945652173 54
1780884725795 69.16610054347827 55
1780884733804 69.06419836956522 56
1780884741734 69.12364130434783 57
1780884749753 69.09816576086956 58
1780884757773 69.140625 59
1780884765649 69.07269021739131 60
1780884773680 69.1321331521739 61
1780884781682 69.140625 62
1780884789555 69.07269021739131 63
1780884797553 69.08967391304348 64
1780884805543 69.140625 65
1780884813423 69.17459239130434 66
1780884821422 69.1321331521739 67
1780884829450 69.19157608695652 68
1780884837347 69.04721467391305 69
1780884845342 69.01324728260869 70
1780884853338 69.06419836956522 71
1780884861209 69.11514945652173 72
1780884869219 69.140625 73
1780884877211 69.140625 74
1780884885106 69.00475543478261 75
1780884893112 69.05570652173914 76
1780884901084 69.08118206521739 77
1780884908917 69.18308423913044 78
1780884916854 69.08967391304348 79
1780884924746 69.1321331521739 80
1780884932541 69.09816576086956 81
1780884940476 69.11514945652173 82
1780884948386 69.11514945652173 83
1780884956195 69.17459239130434 84
1780884964156 69.18308423913044 85
1780884972106 69.08967391304348 86
1780884979951 69.11514945652173 87
1780884987906 69.08118206521739 88
1780884995854 69.140625 89
1780885003693 69.10665760869566 90
1780885011672 69.3359375 91
1780885019656 78.55808423913044 92
1780885027549 72.91949728260869 93
1780885035556 69.77751358695652 94
1780885043532 69.11514945652173 95
1780885051357 69.10665760869566 96
1780885059363 69.140625 97
1780885067314 69.24252717391305 98
1780885075106 69.05570652173914 99
1780885083063 69.26800271739131 100
1780885090964 69.19157608695652 101
1780885098802 69.81148097826086 102
1780885106756 69.11514945652173 103
1780885114649 70.37194293478261 104
1780885122443 74.92357336956522 105
1780885130376 71.34001358695652 106
1780885138271 69.1491168478261 107
1780885146069 69.37839673913044 108
1780885153988 75.9850543478261 109
1780885161979 78.57506793478261 110
1780885169854 79.06759510869566 111
1780885177794 85.52989130434783 112
1780885185733 77.5475543478261 113
1780885193590 76.04449728260869 114
1780885201523 69.9303668478261 115
1780885209450 78.04008152173914 116
1780885217249 69.86243206521739 117
1780885225186 70.64368206521739 118
1780885233086 72.44395380434783 119
1780885240921 83.9928668478261 120
1780885248877 84.89300271739131 121
1780885256794 84.55332880434783 122
1780885264588 86.67629076086956 123
1780885272552 73.50543478260869 124
1780885280547 86.48097826086956 125
1780885288370 86.5319293478261 126
1780885296316 86.3196331521739 127
1780885304246 85.99694293478261 128
1780885312075 85.20720108695652 129
1780885320016 81.0631793478261 130
1780885327939 82.30298913043478 131
1780885335764 82.4303668478261 132
1780885343708 82.52377717391305 133
1780885351644 85.22418478260869 134
1780885359472 84.9524456521739 135
1780885367446 81.02072010869566 136
1780885375367 82.55774456521739 137
1780885383191 79.8828125 138
1780885391141 79.46671195652173 139
1780885399089 81.98029891304348 140
1780885406915 82.36243206521739 141
1780885414858 80.6640625 142
1780885422791 84.27309782608695 143
1780885430631 82.53226902173914 144
1780885438565 84.92697010869566 145
1780885446520 80.56216032608695 146
1780885454353 77.22486413043478 147
1780885462429 75.27173913043478 148
1780885470533 76.33322010869566 149
1780885478533 77.08050271739131 150
1780885486455 76.68138586956522 151
1780885494406 75.91711956521739 152
1780885502265 76.88519021739131 153
1780885510222 76.25679347826086 154
1780885518159 73.12330163043478 155
1780885525991 72.63077445652173 156
1780885534171 77.94667119565217 157
1780885542085 74.12533967391305 158
1780885550174 78.08254076086956 159
1780885558092 76.34171195652173 160
1780885566038 75.60292119565217 161
1780885573869 74.32914402173914 162
1780885581825 74.83016304347827 163
1780885589752 74.43104619565217 164
1780885597579 76.953125 165
1780885605536 75.52649456521739 166
1780885613464 74.08288043478261 167
1780885621283 72.59680706521739 168
1780885629229 73.94701086956522 169
1780885637201 73.0383831521739 170
1780885645047 74.52445652173914 171
1780885652992 75.92561141304348 172
1780885660947 73.69225543478261 173
1780885668359 71.02581521739131 174
