1780902712096 0.05063143441843432 1
1780902728472 0.01724515959273937 2
1780902744582 0.020098955132240474 3
1780902760692 0.020340768403785174 4
1780902776792 0.03182455550792605 5
1780902793077 0.01643199976100478 6
1780902809336 0.014947078948797182 7
1780902825436 0.02029141159944756 8
1780902841575 0.013164805811504985 9
1780902857677 0.012249942435774692 10
1780902873765 0.02443614394165749 11
1780902889977 0.010681726904802544 12
1780902906060 0.01285883576370949 13
1780902922269 0.010059124508569406 14
1780902938310 0.040776474531306776 15
1780902954349 0.014165136703225069 16
1780902970429 0.010695880928704904 17
1780902986467 0.0097974254641422 18
1780903002509 0.007753671601761219 19
1780903018545 0.01526290732760762 20
1780903034634 0.010023059540016706 21
1780903050676 0.010647366213244061 22
1780903066717 0.009912087473758432 23
1780903082808 0.015119434789169666 24
1780903098871 0.010187575290369432 25
1780903114910 0.010047096845715545 26
1780903130950 0.008695708457813707 27
1780903147150 0.009869754314422607 28
1780903163200 0.013618897560030915 29
1780903179246 0.008569738199544508 30
1780903195286 0.008493591186612151 31
1780903211559 0.005641125315843627 32
1780903227595 0.008411878070165945 33
1780903243635 0.007365689721218375 34
1780903259683 0.014656420363936313 35
1780903275768 0.00935103172479674 36
1780903291818 0.007637859776962635 37
1780903307871 0.009225823158441587 38
1780903323981 0.010113553252331046 39
1780903340037 0.006730955700541652 40
1780903356081 0.008681740871695586 41
1780903372127 0.008334960355315097 42
1780903388219 0.007548231718152068 43
1780903404274 0.017251115898753323 44
1780903420325 0.007936860239783 45
1780903436361 0.00748525525248328 46
1780903446477 0.005978331316349118 47
