1780899505226 9.85831306441073 1
1780899522312 9.715332180565344 2
1780899539381 9.5744250321564 3
1780899556531 9.435561542585232 4
1780899573635 9.298712071471687 5
1780899590738 9.163847408327388 6
1780899607882 9.030938766320775 7
1780899624976 8.899957776132542 8
1780899642071 8.770876479900233 9
1780899659168 8.643667325250629 10
1780899676320 8.518303159418704 11
1780899693419 8.394757223451876 12
1780899710530 8.273003146498311 13
1780899727696 8.153014940178076 14
1780899744829 8.034766993035916 15
1780899761950 7.918234065074507 16
1780899779076 7.803391282366969 17
1780899796578 7.690214131747549 18
1780899813705 7.578678455579279 19
1780899830794 7.468760446597539 20
1780899847967 7.3604366428283985 21
1780899865166 7.25368392258067 22
1780899882218 7.148479499510581 23
1780899899266 7.044800917758041 24
1780899916412 6.942626047153438 25
1780899933495 6.841933078493963 26
1780899950595 6.742700518888441 27
1780899967721 6.64490718716967 28
1780899984809 6.548532209373317 29
1780900001967 6.45355501428237 30
1780900019111 6.359955329036213 31
1780900036304 6.267713174803395 32
1780900053458 6.176808862517151 33
1780900070577 6.08722298867277 34
1780900087688 5.998936431185928 35
1780900104765 5.911930345311081 36
1780900121866 5.8261861596190565 37
1780900138946 5.741685572032992 38
1780900156062 5.658410545921752 39
1780900173133 5.576343306250022 40
1780900190202 5.495466335784225 41
1780900207310 5.415762371353475 42
1780900224497 5.337214400164756 43
1780900241531 5.2598056561715465 44
1780900258581 5.183519616495111 45
1780900275697 5.108339997897691 46
1780900292776 5.034250753306856 47
1780900309915 4.961236068390259 48
1780900327307 4.889280358180072 49
1780900344728 4.818368263746372 50
1780900362114 4.7484846489187875 51
1780900379511 4.6796145970556875 52
1780900396965 4.611743407860217 53
1780900414152 4.544856594242536 54
1780900431347 4.478939879227545 55
1780900448567 4.413979192907468 56
1780900465926 4.349960669438638 57
1780900483333 4.286870644081833 58
1780900500720 4.224695650285539 59
1780900518178 4.163422416811523 60
1780900535608 4.103037864902085 61
1780900552994 4.043529105488401 62
1780900570441 3.9848834364393593 63
1780900587848 3.927088339850287 64
1780900605248 3.8701314793710067 65
1780900622718 3.814000697572651 66
1780900640114 3.7586840133526565 67
1780900657525 3.704169619377402 68
1780900674921 3.650445879561936 69
1780900692381 3.5975013265862588 70
1780900709774 3.5453246594476195 71
1780900727173 3.4939047410483286 72
1780900744636 3.4432305958185405 73
1780900762055 3.39329140737352 74
1780900779496 3.3440765162048933 75
1780900796893 3.2955754174053755 76
1780900814356 3.247777758426494 77
1780900831741 3.200673336868853 78
1780900849131 3.154252098304421 79
1780900866584 3.1085041341304214 80
1780900883995 3.0634196794543445 81
1780900901398 3.0189891110096294 82
1780900918794 2.9752029451015827 83
1780900936259 2.9320518355830854 84
1780900953647 2.88952657185966 85
1780900971158 2.847618076923471 86
1780900988582 2.8063174054158404 87
1780901006003 2.765615741717861 88
1780901023392 2.7255043980687055 89
1780901040813 2.685974812711229 90
1780901058248 2.647018548064459 91
1780901075637 2.6086272889225977 92
1780901093037 2.5707928406801446 93
1780901110479 2.5335071275827574 94
1780901127873 2.4967621910034876 95
1780901145267 2.460550187744007 96
1780901162712 2.424863388360486 97
1780901180137 2.3896941755137417 98
1780901197531 2.3550350423433195 99
1780901214928 2.3208785908651546 100
1780901232368 2.2872175303924758 101
1780901249762 2.254044675979607 102
1780901267171 2.2213529468883464 103
1780901284626 2.189135365076581 104
1780901302033 2.1573850537088264 105
1780901319436 2.1260952356883687 106
1780901336842 2.095259232210693 107
1780901354260 2.064870461337895 108
1780901371373 2.034922436593768 109
1780901388451 2.005408765579266 110
1780901405606 1.9763231486080477 111
1780901422677 1.947659377361809 112
1780901439767 1.9194113335651206 113
1780901456840 1.89157298767948 114
1780901473991 1.8641383976163133 115
1780901491102 1.837101707468633 116
1780901508202 1.8104571462610979 117
1780901525341 1.7841990267182002 118
1780901542434 1.7583217440503172 119
1780901559530 1.7328197747573686 120
1780901576633 1.7076876754498305 121
1780901593768 1.6829200816868415 122
1780901610875 1.6585117068311668 123
1780901627979 1.634457340920764 124
1780901645123 1.6107518495567201 125
1780901662220 1.5873901728073143 126
1780901679287 1.5643673241279759 127
1780901696356 1.5416783892969101 128
1780901713584 1.5193185253661556 129
1780901730636 1.49728295962786 130
1780901748046 1.4755669885955465 131
1780901765173 1.4541659770001534 132
1780901782237 1.4330753568006416 133
1780901799313 1.4122906262089432 134
1780901816375 1.3918073487290572 135
1780901833482 1.3716211522100812 136
1780901850591 1.3517277279129758 137
1780901867697 1.3321228295908647 138
1780901884848 1.3128022725826758 139
1780901901924 1.2937619329199261 140
1780901919019 1.2749977464464604 141
1780901936126 1.2565057079509587 142
1780901953291 1.2382818703120253 143
1780901970408 1.220322343655675 144
1780901987516 1.2026232945250424 145
1780902004686 1.1851809450621307 146
1780902021802 1.1679915722014278 147
1780902038941 1.1510515068752203 148
1780902056054 1.1343571332304312 149
1780902073213 1.1179048878568156 150
1780902090335 1.1016912590263541 151
1780902107438 1.0857127859436735 152
1780902124588 1.0699660580073416 153
1780902141697 1.054447714081874 154
1780902158793 1.039154441780303 155
1780902175896 1.0240829767571449 156
1780902193051 1.0092301020116317 157
1780902210479 0.9945926472010385 158
1780902227786 0.9801674879639771 159
1780902244943 0.9659515452535011 160
1780902262056 0.9519417846798834 161
1780902279165 0.9381352158629274 162
1780902296533 0.9245288917936701 163
1780902313678 0.911119908205345 164
1780902331041 0.8979054029534655 165
1780902348389 0.8848825554049022 166
1780902365542 0.8720485858358176 167
1780902382654 0.8594007548383367 168
1780902399765 0.8469363627358201 169
1780902416875 0.8346527490066185 170
1780902434039 0.8225472917161848 171
1780902451260 0.8106174069574239 172
1780902468519 0.7988605482991564 173
1780902485648 0.7872742062425857 174
1780902502730 0.775855907685644 175
1780902519804 0.7646032153951109 176
1780902536857 0.753513727486385 177
1780902553966 0.7425850769108036 178
1780902571057 0.7318149309503956 179
1780902588121 0.7212009907199641 180
1780902605237 0.7107409906763894 181
1780902622301 0.7004326981350499 182
1780902639366 0.6902739127932553 183
1780902656432 0.6802624662605933 184
1780902673575 0.6703962215960863 185
1780902690715 0.6606730728520628 186
1780902695240 0.6602242813933523 187
