1780899505225 85.60138081395348 1
1780899522310 85.61954941860465 2
1780899539380 85.57412790697676 3
1780899556530 85.546875 4
1780899573633 85.61046511627907 5
1780899590736 85.64680232558139 6
1780899607881 86.55523255813954 7
1780899624975 24.454941860465116 8
1780899642070 85.88299418604652 9
1780899659167 22.519985465116278 10
1780899676319 37.29106104651162 11
1780899693418 42.37827034883721 12
1780899710529 31.613372093023255 13
1780899727695 31.458938953488374 14
1780899744827 30.505087209302324 15
1780899761949 90.64316860465115 16
1780899779075 26.262718023255815 17
1780899796577 88.59920058139535 18
1780899813704 85.03815406976744 19
1780899830793 82.36736918604652 20
1780899847966 83.63917151162791 21
1780899865165 80.63226744186046 22
1780899882217 74.10065406976744 23
1780899899265 80.30523255813954 24
1780899916410 79.80559593023256 25
1780899933493 73.56468023255815 26
1780899950594 84.34774709302324 27
1780899967720 59.465843023255815 28
1780899984808 88.64462209302324 29
1780900001966 85.77398255813954 30
1780900019110 85.92841569767442 31
1780900036303 75.86300872093024 32
1780900053456 76.26271802325581 33
1780900070575 81.06831395348837 34
1780900087687 82.45821220930233 35
1780900104763 71.84774709302324 36
1780900121864 81.29542151162791 37
1780900138945 86.5734011627907 38
1780900156061 88.44476744186046 39
1780900173131 89.56213662790698 40
1780900190201 89.67114825581395 41
1780900207309 88.39026162790698 42
1780900224496 88.4811046511628 43
1780900241530 84.48401162790698 44
1780900258579 88.23582848837209 45
1780900275695 87.58175872093024 46
1780900292775 88.38117732558139 47
1780900309914 88.09956395348837 48
1780900327306 87.45457848837209 49
1780900344727 87.57267441860465 50
1780900362113 87.04578488372093 51
1780900379510 86.71875 52
1780900396963 89.66206395348837 53
1780900414151 89.50763081395348 54
1780900431346 89.58938953488372 55
1780900448566 89.88008720930233 56
1780900465925 88.11773255813954 57
1780900483331 87.75436046511628 58
1780900500719 87.04578488372093 59
1780900518177 88.671875 60
1780900535607 87.38190406976744 61
1780900552992 87.01853197674419 62
1780900570440 88.24491279069767 63
1780900587846 87.16388081395348 64
1780900605247 87.73619186046511 65
1780900622717 81.84956395348837 66
1780900640113 87.6907703488372 67
1780900657523 86.65515988372093 68
1780900674920 86.8640988372093 69
1780900692379 87.27289244186046 70
1780900709773 86.16460755813954 71
1780900727172 84.70203488372093 72
1780900744635 85.46511627906976 73
1780900762054 73.33757267441861 74
1780900779495 85.78306686046511 75
1780900796891 83.68459302325581 76
1780900814355 78.24309593023256 77
1780900831739 82.93059593023256 78
1780900849129 74.79106104651163 79
1780900866583 85.64680232558139 80
1780900883993 66.66969476744185 81
1780900901396 83.61191860465115 82
1780900918793 77.98873546511628 83
1780900936258 76.00835755813954 84
1780900953645 77.08938953488372 85
1780900971157 88.58103197674419 86
1780900988580 70.03088662790698 87
1780901006002 60.41061046511628 88
1780901023391 81.52252906976744 89
1780901040811 78.22492732558139 90
1780901058247 70.23074127906976 91
1780901075635 89.68023255813954 92
1780901093035 85.51962209302324 93
1780901110477 88.96257267441861 94
1780901127871 90.06177325581395 95
1780901145265 66.08829941860465 96
1780901162711 82.75799418604652 97
1780901180135 82.05850290697676 98
1780901197530 70.9484011627907 99
1780901214927 64.0625 100
1780901232366 79.38771802325581 101
1780901249761 65.17078488372093 102
1780901267170 66.76962209302324 103
1780901284624 70.30341569767442 104
1780901302031 70.39425872093024 105
1780901319435 79.64207848837209 106
1780901336841 79.1061046511628 107
1780901354259 78.49745639534885 108
1780901371372 70.37609011627907 109
1780901388450 75.71765988372093 110
1780901405605 66.58793604651163 111
1780901422676 67.50545058139535 112
1780901439765 88.09956395348837 113
1780901456839 65.31613372093024 114
1780901473989 81.11373546511628 115
1780901491101 60.35610465116279 116
1780901508201 65.33430232558139 117
1780901525339 63.64462209302325 118
1780901542432 87.93604651162791 119
1780901559529 71.39353197674419 120
1780901576632 67.69622093023256 121
1780901593767 75.80850290697676 122
1780901610874 53.515625 123
1780901627978 68.72274709302324 124
1780901645121 61.600654069767444 125
1780901662218 58.63917151162791 126
1780901679286 57.75799418604651 127
1780901696355 71.12100290697676 128
1780901713583 71.82049418604652 129
1780901730635 69.68568313953489 130
1780901748045 72.23837209302324 131
1780901765172 71.92042151162791 132
1780901782235 69.36773255813954 133
1780901799311 76.64425872093024 134
1780901816374 30.15988372093023 135
1780901833481 29.99636627906977 136
1780901850590 38.39026162790697 137
1780901867695 43.25036337209303 138
1780901884847 46.41170058139535 139
1780901901923 41.66969476744186 140
1780901919018 47.93786337209303 141
1780901936124 52.91606104651163 142
1780901953290 58.73001453488372 143
1780901970407 43.75 144
1780901987515 49.24600290697674 145
1780902004685 49.26417151162791 146
1780902021801 60.819404069767444 147
1780902038939 50.08175872093024 148
1780902056053 61.082848837209305 149
1780902073212 57.37645348837209 150
1780902090334 48.864462209302324 151
1780902107436 61.75508720930233 152
1780902124587 64.43495639534885 153
1780902141695 65.45239825581395 154
1780902158792 57.040334302325576 155
1780902175895 54.94186046511628 156
1780902193050 65.49781976744185 157
1780902210478 59.465843023255815 158
1780902227785 61.50072674418605 159
1780902244942 54.49672965116279 160
1780902262054 52.016715116279066 161
1780902279163 60.20167151162791 162
1780902296532 61.89135174418605 163
1780902313676 55.70494186046512 164
1780902331040 62.85428779069767 165
1780902348388 66.97856104651163 166
1780902365541 63.399345930232556 167
1780902382653 62.83611918604651 168
1780902399763 63.680959302325576 169
1780902416874 60.11082848837209 170
1780902434038 64.57122093023256 171
1780902451259 61.85501453488372 172
1780902468518 70.21257267441861 173
1780902485647 62.254723837209305 174
1780902502729 66.31540697674419 175
1780902519802 67.46911337209302 176
1780902536856 61.4280523255814 177
1780902553964 61.50072674418605 178
1780902571056 63.31758720930233 179
1780902588119 61.591569767441854 180
1780902605236 65.77943313953489 181
1780902622300 64.58938953488372 182
1780902639365 59.375 183
1780902656431 68.71366279069767 184
1780902673574 67.85973837209302 185
1780902690710 64.72565406976744 186
1780902695239 66.15188953488372 187
