1780899505223 0.666383610215298 1
1780899522310 3.435232118118641 2
1780899539379 4.248739198196766 3
1780899556529 17.845168002816134 4
1780899573632 8.396787421647893 5
1780899590736 9.007565520530523 6
1780899607880 26.84812749818314 7
1780899624974 41.726006086482556 8
1780899642069 30.571919285973838 9
1780899659166 26.47523675962936 10
1780899676318 12.266813056413518 11
1780899693417 8.123056101244549 12
1780899710528 18.504510923873546 13
1780899727694 14.895649754723838 14
1780899744826 23.0407345793968 15
1780899761948 3.1885911808457483 16
1780899779074 19.937986861827763 17
1780899796575 4.012652020121729 18
1780899813703 4.147837084393169 19
1780899830792 6.709945323855378 20
1780899847965 5.921838449877362 21
1780899865164 5.320017969885538 22
1780899882216 6.6368926292242 23
1780899899264 5.377893847088481 24
1780899916409 5.201622186705124 25
1780899933492 4.341550960097202 26
1780899950593 2.9346984153570133 27
1780899967719 8.432611509811046 28
1780899984807 2.336583514546239 29
1780900001965 3.639184286428052 30
1780900019108 2.924516189930051 31
1780900036302 8.529298294422238 32
1780900053455 7.092525038608285 33
1780900070574 3.7750403825626817 34
1780900087686 3.957577017850654 35
1780900104762 5.413906718409339 36
1780900121864 4.174310018849927 37
1780900138944 2.3668294507403704 38
1780900156060 1.8065843803938044 39
1780900173130 2.2578792128452037 40
1780900190200 1.6350127818972566 41
1780900207308 2.534514316292696 42
1780900224495 1.562903648199037 43
1780900241529 2.1125301982081215 44
1780900258578 1.8390980210415153 45
1780900275695 2.99583222145258 46
1780900292774 2.479063876839571 47
1780900309912 2.3369575323060503 48
1780900327304 1.6518765826557957 49
1780900344725 1.4032762216967205 50
1780900362111 1.731606594351835 51
1780900379508 2.304436262263808 52
1780900396962 2.890453249909157 53
1780900414150 2.4821935254474017 54
1780900431345 2.045390994049782 55
1780900448565 1.6587164235669514 56
1780900465924 1.5826307784679323 57
1780900483330 1.5010546307231105 58
1780900500718 2.0794571277707123 59
1780900518176 2.1462888495866643 60
1780900535606 2.6382064819335938 61
1780900552992 1.6069731601448947 62
1780900570438 1.8120975937954216 63
1780900587846 1.0861512117607648 64
1780900605246 1.018265214077262 65
1780900622716 1.2097068609193313 66
1780900640112 1.1475313763285793 67
1780900657521 1.020772978316906 68
1780900674918 1.222928246786428 69
1780900692378 1.9567537529523982 70
1780900709771 2.169456304505814 71
1780900727171 1.8612222006154615 72
1780900744634 1.752456310183503 73
1780900762053 1.6091576509697492 74
1780900779494 1.4596581569937772 75
1780900796890 2.104900981104651 76
1780900814354 2.5316288083098657 77
1780900831739 1.3640366487724835 78
1780900849128 1.3355515058650527 79
1780900866582 1.022335407345794 80
1780900883991 1.891851735669513 81
1780900901396 0.9387069524720658 82
1780900918791 1.315811689509902 83
1780900936257 1.4078519954237827 84
1780900953644 1.1219062805175781 85
1780900971155 1.2447934705157613 86
1780900988579 1.8674204626748727 87
1780901006001 3.2965510168740915 88
1780901023390 0.8222270344578942 89
1780901040809 0.768566930016806 90
1780901058246 1.1194948595623637 91
1780901075635 1.1372503236282703 92
1780901093034 0.7726634713106377 93
1780901110476 0.924587604611419 94
1780901127870 0.7287442406942678 95
1780901145264 1.4580094093500182 96
1780901162710 1.037156570789426 97
1780901180134 0.74883154935615 98
1780901197529 1.4274897020916606 99
1780901214926 2.5178914624591204 100
1780901232365 0.7610808084177416 101
1780901249759 1.6908452233602835 102
1780901267168 1.6344847568245822 103
1780901284622 1.3388658567916516 104
1780901302030 1.354654356490734 105
1780901319434 1.892899091853652 106
1780901336840 2.1779006248296695 107
1780901354258 1.7538020998932595 108
1780901371371 1.1662592333416606 109
1780901388449 0.8977202482001726 110
1780901405604 1.7905743621116461 111
1780901422675 1.3572235107421875 112
1780901439765 0.43704263554062955 113
1780901456838 1.532013826592024 114
1780901473989 0.7876158425974291 115
1780901491100 2.5928433440452396 116
1780901508199 2.0066514126090116 117
1780901525338 1.7016486234443133 118
1780901542432 0.6360209265420603 119
1780901559528 1.2032987017964207 120
1780901576631 1.4828419352686681 121
1780901593766 0.8367609423260356 122
1780901610873 2.7862946266351742 123
1780901627977 1.661838265352471 124
1780901645121 2.930796423623728 125
1780901662218 3.403976085574128 126
1780901679285 4.1040464889171515 127
1780901696354 1.2349354056424873 128
1780901713582 1.3282228514205578 129
1780901730634 1.7991918519485828 130
1780901748044 1.4417903811432595 131
1780901765171 1.278574034225109 132
1780901782234 1.380936822225881 133
1780901799310 0.9029062847758449 134
1780901816373 6.880882085755814 135
1780901833480 5.411570704260538 136
1780901850589 4.184923038926235 137
1780901867695 3.246567127316497 138
1780901884846 3.1783166929732922 139
1780901901922 4.08894561057867 140
1780901919017 3.0657000874364098 141
1780901936124 3.9206975892532703 142
1780901953289 2.5574976011764172 143
1780901970406 3.6512933775436047 144
1780901987514 2.897318108137264 145
1780902004684 3.3426960789880087 146
1780902021800 3.461778152820676 147
1780902038939 4.222650927166606 148
1780902056052 4.307274042173874 149
1780902073211 3.4446989547374636 150
1780902090333 3.7485071226607922 151
1780902107435 2.0799741523210393 152
1780902124586 2.794123804846475 153
1780902141695 2.860350675361101 154
1780902158791 3.144257301507994 155
1780902175894 4.6124388229015265 156
1780902193049 2.4323214153910793 157
1780902210477 3.178991983103198 158
1780902227784 3.0055889750635902 159
1780902244941 3.555931623591933 160
1780902262053 3.9179967835892078 161
1780902279163 2.8813464142555416 162
1780902296532 2.78302001953125 163
1780902313675 4.319246868754542 164
1780902331039 2.859129262524982 165
1780902348387 2.297161723292151 166
1780902365540 2.8530599904614826 167
1780902382652 3.305837586868641 168
1780902399763 3.1437005331349925 169
1780902416873 3.6512937323991643 170
1780902434037 2.6497806282930596 171
1780902451258 3.3397500681322674 172
1780902468517 2.21657881625863 173
1780902485646 3.345086386037427 174
1780902502728 3.137696377066679 175
1780902519801 2.535354259402253 176
1780902536855 3.104784233625545 177
1780902553963 3.7135052348292152 178
1780902571055 3.3865934859874636 179
1780902588118 4.6550108443859015 180
1780902605235 2.8934817646825035 181
1780902622299 3.159289692723474 182
1780902639364 5.2057580282521805 183
1780902656430 2.864869051201399 184
1780902673573 2.5863920699718386 185
1780902690678 3.0122623887172963 186
1780902695238 2.9173850126044694 187
