1780889419768 9.848269726542963 1
1780889427650 9.69554691708051 2
1780889435434 9.545192468475113 3
1780889443355 9.397169653186413 4
1780889451228 9.251442313229232 5
1780889459016 9.107974851341167 6
1780889466933 8.966732222287131 7
1780889474812 8.82767992429875 8
1780889482598 8.690783990646509 9
1780889490517 8.556010981342592 10
1780889498397 8.423327974972404 11
1780889506187 8.29270256065274 12
1780889514102 8.1641028301147 13
1780889521983 8.03749736990934 14
1780889529767 7.912855253734224 15
1780889537698 7.790146034878961 16
1780889545585 7.669339738787887 17
1780889553367 7.550406855738096 18
1780889561296 7.433318333631008 19
1780889569180 7.3180455708957215 20
1780889576963 7.204560409502424 21
1780889584885 7.092835128084141 22
1780889592763 6.982842435165154 23
1780889600547 6.87455546249443 24
1780889608468 6.767947758482434 25
1780889616335 6.662993281739706 26
1780889624128 6.55966639471567 27
1780889632055 6.457941857436056 28
1780889639919 6.357794821337459 29
1780889647699 6.25920082319751 30
1780889655626 6.162135779159161 31
1780889663500 6.066575978847656 32
1780889671275 5.972498079578718 33
1780889679257 5.879879100656563 34
1780889687129 5.788696417760341 35
1780889695005 5.698927757417613 36
1780889702883 5.610551191563552 37
1780889710751 5.523545132184502 38
1780889718625 5.437888326044607 39
1780889726501 5.353559849494226 40
1780889734378 5.270539103358837 41
1780889742261 5.188805807907229 42
1780889750142 5.108339997897691 43
1780889758028 5.029122017701059 44
1780889765906 4.95113251649937 45
1780889773790 4.87435244355897 46
1780889781665 4.7987630435769475 47
1780889789544 4.724345852099707 48
1780889797420 4.651082691012603 49
1780889805296 4.5789556640995235 50
1780889813172 4.507947152671316 51
1780889821050 4.4380398112620245 52
1780889828928 4.369216563391855 53
1780889836806 4.301460597395853 54
1780889844683 4.234755362317271 55
1780889852560 4.1690845638646055 56
1780889860440 4.104432160431353 57
1780889868313 4.0407823591774665 58
1780889876199 3.978119612171599 59
1780889884074 3.9164286125931587 60
1780889891950 3.8556942909932634 61
1780889899835 3.7959018116136867 62
1780889907723 3.7370365687628744 63
1780889915593 3.679084183248171 64
1780889923465 3.622030498863374 65
1780889931339 3.5658615789307464 66
1780889939216 3.5105637028966696 67
1780889947124 3.456123362980077 68
1780889954996 3.4025272608728665 69
1780889962876 3.349762304491488 70
1780889970753 3.297815604778893 71
1780889978629 3.2466744725560917 72
1780889986503 3.196326415422521 73
1780889994384 3.146759134704496 74
1780890002271 3.09796052245097 75
1780890010148 3.0499186584758893 76
1780890018028 3.002621807446414 77
1780890025911 2.9560584160162904 78
1780890033783 2.910217110003685 79
1780890041676 2.8650866916127704 80
1780890049549 2.8206561366984104 81
1780890057435 2.776914592073261 82
1780890065328 2.7338513728566216 83
1780890073222 2.691455959864414 84
1780890081096 2.649717997039623 85
1780890088964 2.6086272889225977 86
1780890096850 2.5681737981605677 87
1780890104713 2.528347643055795 88
1780890112588 2.489139095151736 89
1780890120457 2.4505385768566454 90
1780890128335 2.4125366591040294 91
1780890136211 2.375124059049373 92
1780890144090 2.338291637802598 93
1780890151966 2.302030398195676 94
1780890159847 2.2663314825848597 95
1780890167718 2.2311861706870033 96
1780890175589 2.196585877449431 97
1780890183472 2.1625221509528396 98
1780890191342 2.1289866703467206 99
1780890199217 2.0959712438168054 100
1780890207088 2.063467806584022 101
1780890214991 2.0314684189344856 102
1780890222870 1.9999652642800456 103
1780890230745 1.9689506472488985 104
1780890238626 1.93841699180582 105
1780890246502 1.9083568394015393 106
1780890254369 1.8787628471508213 107
1780890262244 1.8496277860387949 108
1780890270119 1.8209445391550985 109
1780890277994 1.7927060999554136 110
1780890285878 1.7649055705499526 111
1780890293750 1.7375361600184909 112
1780890301633 1.7105911827515268 113
1780890309510 1.6840640568171705 114
1780890317398 1.6579483023533519 115
1780890325276 1.6322375399849665 116
1780890333156 1.6069254892655662 117
1780890341034 1.5820059671432158 118
1780890348914 1.5574728864501375 119
1780890356790 1.5333202544157831 120
1780890364674 1.5095421712029602 121
1780890372554 1.4861328284666608 122
1780890380431 1.4630865079352384 123
1780890388306 1.4403975800135904 124
1780890396184 1.4180605024079984 125
1780890404062 1.3960698187722942 126
1780890411937 1.3744201573750239 127
1780890419826 1.3531062297872767 128
1780890427704 1.3321228295908647 129
1780890435583 1.3114648311065351 130
1780890443462 1.2911271881419064 131
1780890451340 1.2711049327588173 132
1780890459214 1.2513931740597941 133
1780890467078 1.2319870969933369 134
1780890474951 1.2128819611777322 135
1780890482867 1.1940730997431035 136
1780890490745 1.1755559181914235 137
1780890498623 1.1573258932742008 138
1780890506504 1.1393785718875715 139
1780890514379 1.1217095699845263 140
1780890522261 1.1043145715040072 141
1780890530138 1.0871893273166084 142
1780890538011 1.0703296541866287 143
1780890545896 1.053731433750221 144
1780890553776 1.0373906115093865 145
1780890561654 1.0213031958415684 146
1780890569538 1.0054652570246083 147
1780890577527 0.9898729262768201 148
1780890585383 0.9745223948119512 149
1780890593266 0.9594099129087972 150
1780890601149 0.944531788995248 151
1780890609018 0.9298843887465359 152
1780890616894 0.9154641341974661 153
1780890624776 0.9012675028684185 154
1780890632651 0.8872910269049001 155
1780890640525 0.8735312922304407 156
1780890648401 0.8599849377126272 157
1780890656283 0.846648654342069 158
1780890664168 0.8335191844240964 159
1780890672048 0.8205933207829931 160
1780890679925 0.8078679059785697 161
1780890687801 0.7953398315348872 162
1780890695687 0.7830060371809382 163
1780890703556 0.7708635101031067 164
1780890711428 0.7589092842092183 165
1780890719305 0.7471404394040047 166
1780890727184 0.7355541008758003 167
1780890735062 0.7241474383943072 168
1780890742941 0.7129176656192435 169
1780890750854 0.7018620394197156 170
1780890758725 0.6909778592041466 171
1780890766608 0.6802624662605933 172
1780890774485 0.6697132431072949 173
1780890781852 0.6602242813933523 174
