1780881595757 9.942406851672338 1
1780881598815 9.88178736853958 2
1780881601866 9.821537486227843 3
1780881604926 9.761654951257551 4
1780881607989 9.702137523888743 5
1780881611039 9.642982978037287 6
1780881614096 9.584189101191633 7
1780881617172 9.525753694330053 8
1780881620239 9.467674571838389 9
1780881623301 9.409949561428313 10
1780881626359 9.352576504056076 11
1780881629421 9.29555325384176 12
1780881632483 9.238877677989004 13
1780881635547 9.182547656705248 14
1780881638604 9.126561083122438 15
1780881641663 9.070915863218229 16
1780881644730 9.015609915737661 17
1780881647789 8.96064117211532 18
1780881650851 8.906007576397965 19
1780881653911 8.851707085167629 20
1780881656973 8.797737667465196 21
1780881660037 8.744097304714437 22
1780881663100 8.690783990646509 23
1780881666158 8.637795731224916 24
1780881669219 8.58513054457093 25
1780881672280 8.532786460889461 26
1780881675348 8.480761522395388 27
1780881678406 8.429053783240324 28
1780881681475 8.377661309439848 29
1780881684540 8.326582178801162 30
1780881687599 8.275814480851198 31
1780881690664 8.225356316765163 32
1780881693729 8.175205799295522 33
1780881696801 8.125361052701406 34
1780881699869 8.075820212678455 35
1780881702935 8.02658142628909 36
1780881706004 7.977642851893213 37
1780881709077 7.929002659079321 38
1780881712145 7.880659028596044 39
1780881715212 7.832610152284104 40
1780881718279 7.784854233008684 41
1780881721352 7.73738948459221 42
1780881724420 7.690214131747549 43
1780881727488 7.643326410011603 44
1780881730557 7.596724565679321 45
1780881733621 7.550406855738096 46
1780881736692 7.504371547802585 47
1780881739754 7.458616920049906 48
1780881742827 7.413141261155236 49
1780881745895 7.367942870227816 50
1780881748964 7.323020056747318 51
1780881752030 7.278371140500628 52
1780881755103 7.233994451518995 53
1780881758170 7.189888330015572 54
1780881761246 7.146051126323342 55
1780881764314 7.102481200833407 56
1780881767380 7.059176923933671 57
1780881770452 7.016136675947885 58
1780881773521 6.97335884707507 59
1780881776590 6.930841837329304 60
1780881779660 6.8885840564798775 61
1780881782733 6.846583923991824 62
1780881785802 6.804839868966796 63
1780881788868 6.76335033008431 64
1780881791935 6.722113755543356 65
1780881795002 6.6811286030043515 66
1780881798073 6.640393339531454 67
1780881801144 6.599906441535231 68
1780881804215 6.55966639471567 69
1780881807283 6.51967169400554 70
1780881810356 6.479920843514101 71
1780881813428 6.440412356471153 72
1780881816496 6.401144755171431 73
1780881819568 6.362116570919326 74
1780881822636 6.3233263439739655 75
1780881825704 6.284772623494605 76
1780881828773 6.246453967486369 77
1780881831843 6.208368942746319 78
1780881834912 6.170516124809841 79
1780881837980 6.132894097897373 80
1780881841052 6.095501454861453 81
1780881844122 6.05833679713408 82
1780881847191 6.02139873467442 83
1780881850257 5.9846858859167975 84
1780881853330 5.948196877719032 85
1780881856399 5.911930345311081 86
1780881859465 5.875884932243988 87
1780881862678 5.840059290339154 88
1780881865751 5.804452079637906 89
1780881868819 5.769061968351389 90
1780881871892 5.733887632810745 91
1780881874967 5.698927757417613 92
1780881878037 5.664181034594912 93
1780881881114 5.629646164737946 94
1780881884183 5.595321856165789 95
1780881887253 5.5612068250729765 96
1780881890329 5.527299795481486 97
1780881893403 5.4935994991930155 98
1780881896472 5.460104675741545 99
1780881899545 5.426814072346198 100
1780881902620 5.393726443864382 101
1780881905692 5.360840552745215 102
1780881908759 5.328155168983246 103
1780881911836 5.2956690700724405 104
1780881914911 5.263381040960463 105
1780881917981 5.231289874003227 106
1780881921055 5.199394368919731 107
1780881924128 5.1676933327471595 108
1780881927202 5.13618557979627 109
1780881930277 5.104869931607038 110
1780881933348 5.073745216904589 111
1780881936424 5.042810271555384 112
1780881939496 5.012063938523675 113
1780881942571 4.981505067828243 114
1780881945645 4.95113251649937 115
1780881948716 4.920945148536098 116
