1780881595755 51.3671875 1
1780881598814 49.4140625 2
1780881601864 13.28125 3
1780881604924 35.3515625 4
1780881607988 48.65451388888889 5
1780881611038 49.17534722222222 6
1780881614095 48.80642361111111 7
1780881617171 49.50086805555556 8
1780881620238 49.50086805555556 9
1780881623300 49.56597222222222 10
1780881626358 49.34895833333333 11
1780881629420 49.56597222222222 12
1780881632482 49.54427083333333 13
1780881635545 49.50086805555556 14
1780881638602 49.54427083333333 15
1780881641662 49.63107638888889 16
1780881644728 49.47916666666667 17
1780881647788 49.56597222222222 18
1780881650850 49.28385416666667 19
1780881653910 49.609375 20
1780881656972 49.609375 21
1780881660036 49.69618055555556 22
1780881663099 49.50086805555556 23
1780881666157 49.56597222222222 24
1780881669218 49.37065972222222 25
1780881672278 49.37065972222222 26
1780881675347 49.50086805555556 27
1780881678405 49.45746527777778 28
1780881681474 49.56597222222222 29
1780881684539 49.50086805555556 30
1780881687598 49.63107638888889 31
1780881690663 49.58767361111111 32
1780881693728 49.32725694444444 33
1780881696800 49.54427083333333 34
1780881699868 49.4140625 35
1780881702934 49.47916666666667 36
1780881706003 49.43576388888889 37
1780881709076 49.45746527777778 38
1780881712144 49.54427083333333 39
1780881715211 49.45746527777778 40
1780881718278 49.45746527777778 41
1780881721351 49.52256944444444 42
1780881724419 49.56597222222222 43
1780881727487 49.37065972222222 44
1780881730556 49.52256944444444 45
1780881733620 49.43576388888889 46
1780881736691 49.56597222222222 47
1780881739753 49.32725694444444 48
1780881742826 49.52256944444444 49
1780881745894 49.54427083333333 50
1780881748963 49.30555555555556 51
1780881752029 49.609375 52
1780881755102 49.54427083333333 53
1780881758169 49.609375 54
1780881761245 49.67447916666667 55
1780881764313 49.4140625 56
1780881767378 49.37065972222222 57
1780881770451 49.50086805555556 58
1780881773520 49.43576388888889 59
1780881776588 49.56597222222222 60
1780881779659 49.63107638888889 61
1780881782732 49.47916666666667 62
1780881785801 49.609375 63
1780881788867 49.58767361111111 64
1780881791934 49.71788194444444 65
1780881795001 49.39236111111111 66
1780881798072 49.58767361111111 67
1780881801143 49.73958333333333 68
1780881804214 49.32725694444444 69
1780881807282 49.50086805555556 70
1780881810355 49.43576388888889 71
1780881813427 49.56597222222222 72
1780881816495 49.56597222222222 73
1780881819567 49.52256944444444 74
1780881822635 49.47916666666667 75
1780881825702 49.34895833333333 76
1780881828772 49.45746527777778 77
1780881831842 49.28385416666667 78
1780881834911 49.37065972222222 79
1780881837979 49.609375 80
1780881841051 49.47916666666667 81
1780881844121 49.73958333333333 82
1780881847190 49.4140625 83
1780881850256 49.26215277777778 84
1780881853329 49.43576388888889 85
1780881856398 49.56597222222222 86
1780881859464 49.50086805555556 87
1780881862677 49.45746527777778 88
1780881865750 49.65277777777778 89
1780881868818 49.63107638888889 90
1780881871890 49.43576388888889 91
1780881874966 49.65277777777778 92
1780881878036 49.52256944444444 93
1780881881112 49.71788194444444 94
1780881884182 49.39236111111111 95
1780881887252 49.69618055555556 96
1780881890328 49.37065972222222 97
1780881893402 49.71788194444444 98
1780881896471 49.47916666666667 99
1780881899544 49.89149305555556 100
1780881902619 49.34895833333333 101
1780881905691 49.71788194444444 102
1780881908758 49.609375 103
1780881911834 49.56597222222222 104
1780881914910 49.78298611111111 105
1780881917980 49.54427083333333 106
1780881921054 49.52256944444444 107
1780881924127 49.52256944444444 108
1780881927200 49.86979166666667 109
1780881930276 49.63107638888889 110
1780881933347 49.63107638888889 111
1780881936423 49.63107638888889 112
1780881939495 49.4140625 113
1780881942570 49.47916666666667 114
1780881945644 49.52256944444444 115
1780881948715 49.58767361111111 116
