1780881595754 6.861083136664496 1
1780881598814 9.40016089545356 2
1780881601864 8.971243964301216 3
1780881604924 5.154851701524523 4
1780881607987 4.024391598171658 5
1780881611038 4.256070454915364 6
1780881614095 4.271822611490886 7
1780881617170 3.9323399861653647 8
1780881620237 3.7558954026963978 9
1780881623300 4.947823842366536 10
1780881626358 7.0577880011664496 11
1780881629419 3.3631348080105252 12
1780881632481 4.340022616916233 13
1780881635545 6.712493472629124 14
1780881638602 5.153660244411892 15
1780881641662 4.473458607991536 16
1780881644728 4.750473446316189 17
1780881647788 4.523008982340495 18
1780881650849 5.430530548095703 19
1780881653909 4.243668450249566 20
1780881656971 7.074759589301215 21
1780881660035 7.618723551432292 22
1780881663098 5.90192625257704 23
1780881666156 7.463987562391493 24
1780881669217 8.372066073947483 25
1780881672278 8.462410820855034 26
1780881675346 9.881767272949219 27
1780881678405 11.33456759982639 28
1780881681473 9.640493604871962 29
1780881684538 8.354805840386284 30
1780881687598 12.915353563096788 31
1780881690662 11.487057156032986 32
1780881693727 9.399723476833767 33
1780881696799 12.299098544650608 34
1780881699868 13.27988772922092 35
1780881702933 12.787277221679688 36
1780881706002 15.192189534505209 37
1780881709075 15.134143405490452 38
1780881712143 13.209710862901476 39
1780881715210 17.58230929904514 40
1780881718277 16.583204481336807 41
1780881721350 13.962841457790798 42
1780881724419 14.580281575520834 43
1780881727486 16.91684299045139 44
1780881730555 11.791758219401041 45
1780881733620 16.520116170247395 46
1780881736691 14.10591040717231 47
1780881739752 10.149341159396702 48
1780881742825 20.956383599175346 49
1780881745894 20.129114786783855 50
1780881748962 16.997517903645832 51
1780881752029 21.45279100206163 52
1780881755101 14.297281901041666 53
1780881758168 27.245308770073784 54
1780881761244 18.225294325086807 55
1780881764312 19.990719265407986 56
1780881767378 15.063278198242188 57
1780881770450 22.595380995008682 58
1780881773519 19.989991929796005 59
1780881776588 16.930562337239582 60
1780881779658 25.28329806857639 61
1780881782731 19.33016628689236 62
1780881785800 16.358445909288193 63
1780881788866 16.818584865993923 64
1780881791933 21.528150770399307 65
1780881795001 19.573250664605034 66
1780881798071 17.305857340494793 67
1780881801142 24.411400689019096 68
1780881804214 17.116395738389755 69
1780881807282 27.654437594943577 70
1780881810355 26.382648044162327 71
1780881813427 25.464892917209202 72
1780881816494 19.72974310980903 73
1780881819566 19.462168375651043 74
1780881822634 23.87860616048177 75
1780881825702 19.469533284505207 76
1780881828771 20.235687255859375 77
1780881831841 25.455886840820312 78
1780881834910 36.94410196940104 79
1780881837978 22.57831319173177 80
1780881841050 26.70648193359375 81
1780881844120 20.98876444498698 82
1780881847189 21.418197631835938 83
1780881850255 24.978346082899307 84
1780881853328 19.784508599175346 85
1780881856397 20.945088704427082 86
1780881859464 18.70221625434028 87
1780881862676 19.986021253797745 88
1780881865749 21.516369289822048 89
1780881868818 21.943929036458332 90
1780881871890 25.882598876953125 91
1780881874966 21.724924723307293 92
1780881878035 20.54122755262587 93
1780881881112 21.55291748046875 94
1780881884181 27.62923855251736 95
1780881887251 29.532396104600693 96
1780881890327 28.86700439453125 97
1780881893401 21.86114501953125 98
1780881896470 30.68484836154514 99
1780881899543 32.1165771484375 100
1780881902619 23.165771484375 101
1780881905691 26.392710367838543 102
1780881908757 25.60079108344184 103
1780881911833 28.646586100260418 104
1780881914909 31.694332546657986 105
1780881917980 28.932281494140625 106
1780881921053 24.771625094943577 107
1780881924127 35.922159830729164 108
1780881927200 25.343875461154514 109
1780881930275 32.77564832899306 110
1780881933346 43.437717013888886 111
1780881936422 26.53680419921875 112
1780881939494 27.810991075303818 113
1780881942570 24.045935736762154 114
1780881945644 26.97479926215278 115
1780881948715 39.972195095486114 116
