1780713367653 0.6604486390020734 1
1780713371035 0.6604486390020734 2
1780713374392 0.6604486390020734 3
1780713377776 0.6604486390020734 4
1780713381007 0.6604486390020734 5
1780713384206 0.6604486390020734 6
1780713387453 0.6604486390020734 7
1780713390695 0.6604486390020734 8
1780713393895 0.6604486390020734 9
1780713397144 0.6604486390020734 10
1780713400520 0.6604486390020734 11
1780713403704 0.6604486390020734 12
1780713407093 0.6604486390020734 13
1780713410321 0.6604486390020734 14
1780713413526 0.6604486390020734 15
1780713416765 0.6604486390020734 16
1780713420007 0.6604486390020734 17
1780713423207 0.6604486390020734 18
1780713426450 0.6604486390020734 19
1780713429696 0.6604486390020734 20
1780713433049 0.6604486390020734 21
1780713436282 0.6604486390020734 22
1780713439519 0.6604486390020734 23
1780713442716 0.6604486390020734 24
1780713445977 0.6604486390020734 25
1780713449213 0.6604486390020734 26
1780713452412 0.6604486390020734 27
1780713455656 0.6604486390020734 28
1780713458893 0.6604486390020734 29
1780713462253 0.6604486390020734 30
1780713465486 0.6604486390020734 31
1780713468721 0.6604486390020734 32
1780713471930 0.6604486390020734 33
1780713475182 0.6604486390020734 34
1780713478425 0.6604486390020734 35
1780713481606 0.6604486390020734 36
1780713484836 0.6604486390020734 37
1780713488065 0.6604486390020734 38
1780713491253 0.6604486390020734 39
1780713494486 0.6604486390020734 40
1780713497713 0.6604486390020734 41
1780713500900 0.6604486390020734 42
1780713504129 0.6604486390020734 43
1780713507357 0.6604486390020734 44
1780713510545 0.6604486390020734 45
1780713513777 0.6604486390020734 46
1780713517016 0.6604486390020734 47
1780713520216 0.6604486390020734 48
1780713523450 0.6604486390020734 49
1780713526843 0.6604486390020734 50
