1780713367652 49.23828125 1
1780713371034 83.8671875 2
1780713374391 84.453125 3
1780713377776 95.44921875 4
1780713381006 62.9296875 5
1780713384205 89.86328125 6
1780713387452 78.75 7
1780713390694 92.2265625 8
1780713393894 77.1875 9
1780713397142 94.66796875 10
1780713400519 96.23046875 11
1780713403703 91.93359375 12
1780713407091 98.3984375 13
1780713410320 96.66015625 14
1780713413525 97.75390625 15
1780713416764 93.61328125 16
1780713420006 87.75390625 17
1780713423206 97.3828125 18
1780713426449 98.02734375 19
1780713429695 97.6171875 20
1780713433048 98.96484375 21
1780713436281 98.7109375 22
1780713439518 98.515625 23
1780713442714 94.140625 24
1780713445975 95.859375 25
1780713449212 96.953125 26
1780713452411 99.21875 27
1780713455654 98.69140625 28
1780713458892 98.6328125 29
1780713462252 99.7265625 30
1780713465485 96.484375 31
1780713468720 96.1328125 32
1780713471928 98.90625 33
1780713475181 99.0625 34
1780713478423 99.94140625 35
1780713481604 96.875 36
1780713484834 99.23828125 37
1780713488063 95.3515625 38
1780713491252 98.0078125 39
1780713494484 98.96484375 40
1780713497712 99.98046875 41
1780713500899 100.0 42
1780713504128 100.0 43
1780713507356 100.0 44
1780713510544 100.0 45
1780713513776 100.0 46
1780713517015 100.0 47
1780713520215 100.0 48
1780713523448 100.0 49
1780713526842 100.0 50
