1780713367651 3.1581058502197266 1
1780713371033 0.479523754119873 2
1780713374390 0.3595850467681885 3
1780713377775 0.1315740466117859 4
1780713381005 1.1197035789489747 5
1780713384204 0.2776010513305664 6
1780713387451 0.5612075805664063 7
1780713390693 0.2468656301498413 8
1780713393893 0.6539625644683837 9
1780713397141 0.13688833713531495 10
1780713400518 0.0978967785835266 11
1780713403702 0.2464611053466797 12
1780713407091 0.04700647294521332 13
1780713410320 0.08053376078605652 14
1780713413524 0.05543854236602783 15
1780713416763 0.20248689651489257 16
1780713420005 0.3552224636077881 17
1780713423205 0.06884909272193909 18
1780713426448 0.05316976308822632 19
1780713429695 0.07353000640869141 20
1780713433048 0.026383641362190246 21
1780713436280 0.027938318252563477 22
1780713439517 0.037435948848724365 23
1780713442714 0.17823960781097412 24
1780713445974 0.13660908937454225 25
1780713449211 0.06816456913948059 26
1780713452410 0.01867857575416565 27
1780713455654 0.03424458205699921 28
1780713458891 0.04073147773742676 29
1780713462252 0.007462560385465622 30
1780713465484 0.12209328413009643 31
1780713468720 0.1216200351715088 32
1780713471928 0.030456426739692687 33
1780713475180 0.024565233290195464 34
1780713478423 0.005399956554174423 35
1780713481604 0.0785210907459259 36
1780713484834 0.024320702254772186 37
1780713488063 0.167269766330719 38
1780713491251 0.05360335111618042 39
1780713494484 0.025513780117034913 40
1780713497711 0.003024694696068764 41
1780713500898 0.0003518350189551711 42
1780713504127 0.0002823019400238991 43
1780713507355 0.0002211530227214098 44
1780713510543 0.00013505470706149937 45
1780713513775 0.0001550260465592146 46
1780713517014 0.00011358768679201603 47
1780713520214 9.587748791091144e-05 48
1780713523448 7.569253211840987e-05 49
1780713526841 0.00012819163966923953 50
