1780712677604 9.871720115792458 1
1780712681028 9.73846602312333 2
1780712684413 9.607010669985385 3
1780712687854 9.477329775969402 4
1780712691287 9.349399388416924 5
1780712694676 9.223195877996107 6
1780712698120 9.098695934337265 7
1780712701554 8.97587656172734 8
1780712704944 8.854715074862488 9
1780712708391 8.735189094657999 10
1780712711840 8.617276544114779 11
1780712715242 8.500955644241614 12
1780712718697 8.386204910032514 13
1780712722134 8.273003146498311 14
1780712725546 8.161329444751857 15
1780712728992 8.051163178146055 16
1780712732434 7.942483998464022 17
1780712735833 7.835271832160679 18
1780712739277 7.729506876655075 19
1780712742718 7.625169596672762 20
1780712746118 7.522240720637536 21
1780712749566 7.420701237111888 22
1780712753003 7.320532391285504 23
1780712756404 7.221715681511169 24
1780712759865 7.124232855887427 25
1780712763314 7.028065908887363 26
1780712766703 6.93319707803291 27
1780712770133 6.839608840614027 28
1780712773570 6.747283910452188 29
1780712776969 6.656205234707526 30
1780712780430 6.566355990729111 31
1780712783875 6.477719582947724 32
1780712787276 6.390279639810574 33
1780712790737 6.304020010757405 34
1780712794177 6.218924763237407 35
1780712797595 6.134978179766401 36
1780712801054 6.052164755023752 37
1780712804518 5.970469192988459 38
1780712807944 5.889876404113914 39
1780712811437 5.810371502540789 40
1780712814886 5.731939803347555 41
1780712818279 5.654566819838102 42
1780712821728 5.578238260865986 43
1780712825169 5.502940028194785 44
1780712828557 5.42865821389409 45
1780712832050 5.3553790977706495 46
1780712835515 5.283089144834179 47
1780712838939 5.2117750027973955 48
1780712842413 5.14142349960978 49
1780712845876 5.072021641024648 50
1780712849308 5.003556608199041 51
1780712852805 4.93601575532604 52
1780712856283 4.869386607299015 53
1780712859710 4.8036568574074225 54
1780712863189 4.738814365063698 55
1780712866651 4.674847153560831 56
1780712870075 4.611743407860217 57
1780712873555 4.5494914724093585 58
1780712877043 4.488079848989038 59
1780712880465 4.42749719458954 60
1780712883935 4.367732319315543 61
1780712887396 4.308774184319299 62
1780712890811 4.250611899761707 63
1780712894278 4.193234722800904 64
1780712897738 4.136632055608017 65
1780712901162 4.080793443409698 66
1780712904626 4.025708572557073 67
1780712908079 3.971367268620767 68
1780712911487 3.917759494511639 69
1780712914950 3.8648753486268865 70
1780712918407 3.812705063021173 71
1780712921836 3.7612390016024437 72
1780712925300 3.7104676583520946 73
1780712928747 3.6603816555691675 74
1780712932163 3.610971742138246 75
1780712935629 3.562228791820731 76
1780712939083 3.5141438015691797 77
1780712942497 3.466707889864409 78
1780712945985 3.419912295075029 79
1780712949504 3.373748373839136 80
1780712952949 3.3282075994678406 81
1780712956419 3.283281560370349 82
1780712959889 3.238961958500304 83
1780712963319 3.1952406078230986 84
1780712966781 3.1521094328038766 85
1780712970243 3.1095604669159425 86
1780712973676 3.0675858511693117 87
1780712977152 3.0261778326591147 88
1780712980600 2.9853287631336007 89
1780712984012 2.9450310975814724 90
1780712987485 2.905277392838286 91
1780712990941 2.866060306211664 92
1780712994355 2.827372594125068 93
1780712997815 2.7892071107798735 94
1780713001264 2.7515568068355116 95
1780713004682 2.7144147281074216 96
1780713008137 2.677774014282581 97
1780713011587 2.641627897652374 98
1780713015003 2.605969701862565 99
1780713018450 2.5707928406801446 100
1780713021898 2.5360908167768237 101
1780713025307 2.501857220528944 102
1780713028762 2.4680857288335956 103
1780713032217 2.434770103940705 104
1780713035650 2.401904192300898 105
1780713039116 2.3694819234289097 106
1780713042572 2.33749730878234 107
1780713045989 2.305944440655536 108
1780713049452 2.2748174910884176 109
1780713052901 2.244110710790026 110
1780713056316 2.2138184280766002 111
1780713059792 2.1839350478239923 112
1780713063251 2.1544550504342226 113
1780713066675 2.125372990815985 114
1780713070139 2.096683497378911 115
1780713073585 2.068381271041416 116
1780713076998 2.040461084251931 117
1780713080459 2.0129177800233515 118
1780713083902 1.9857462709805185 119
1780713087353 1.9589415384205564 120
1780713090795 1.932498631385895 121
1780713094256 1.9064126657498048 122
1780713097702 1.8806788233142777 123
1780713101183 1.8552923509200823 124
1780713104632 1.8302485595688336 125
1780713108066 1.805542823556914 126
1780713111526 1.7811705796210842 127
1780713114974 1.7571273260956268 128
1780713118400 1.7334086220808698 129
1780713121851 1.7100100866229295 130
1780713125305 1.68692739790453 131
1780713128708 1.6641562924467443 132
1780713132177 1.6416925643215055 133
1780713135612 1.6195320643747588 134
1780713139026 1.5976706994600895 135
1780713142475 1.5761044316827015 136
1780713145911 1.5548292776535995 137
1780713149297 1.5338413077538373 138
1780713152756 1.5131366454087014 139
1780713156207 1.492711466371688 140
1780713159607 1.4725619980181481 141
1780713163054 1.4526845186484656 142
1780713166497 1.4330753568006416 143
1780713169897 1.4137308905721613 144
1780713173346 1.3946475469510087 145
1780713176789 1.3758218011557162 146
1780713180200 1.3572501759843216 147
1780713183651 1.3389292411721128 148
1780713187092 1.3208556127580404 149
1780713190489 1.3030259524596874 150
1780713193944 1.2854369670566703 151
1780713197387 1.268085407782368 152
1780713200791 1.2509680697238592 153
1780713204249 1.2340817912299593 154
1780713207703 1.2174234533272503 155
1780713211113 1.2009899791439906 156
1780713214557 1.1847783333418045 157
1780713217982 1.1687855215550378 158
1780713221378 1.1530085898376896 159
1780713224862 1.1374446241178007 160
1780713228310 1.1220907496592125 161
1780713231710 1.106944130530591 162
1780713235169 1.0920019690816152 163
1780713238616 1.0772615054262402 164
1780713242027 1.0627200169329323 165
1780713245503 1.0483748177217862 166
1780713248952 1.034223258168432 167
1780713252364 1.0202627244146365 168
1780713255818 1.0064906378855107 169
1780713259363 0.9929044548132366 170
1780713262768 0.9795016657672211 171
1780713266219 0.9662797951905923 172
1780713269666 0.9532364009429528 173
1780713273088 0.9403690738493055 174
1780713276707 0.9276754372550676 175
1780713280346 0.9151531465870912 176
1780713283754 0.902799888920611 177
1780713287193 0.8906133825520347 178
1780713290643 0.8785913765775037 179
1780713294050 0.8667316504771393 180
1780713297504 0.8550320137049032 181
1780713301099 0.8434903052839938 182
1780713304503 0.8321043934077026 183
1780713307942 0.820872175045661 184
1780713311385 0.8097915755554006 185
1780713314782 0.7988605482991564 186
1780713318381 0.788077074265845 187
1780713321819 0.7774391616981419 188
1780713325219 0.766944845724596 189
1780713328822 0.756592187996709 190
1780713332263 0.7463792763309128 191
1780713335667 0.7363042243553806 192
1780713339117 0.7263651711616053 193
1780713342707 0.7165602809606814 194
1780713346322 0.7068877427442262 195
1780713349902 0.6973457699498781 196
1780713353341 0.6879326001313103 197
1780713356745 0.6786464946326989 198
1780713360208 0.6694857382675854 199
1780713363695 0.6604486390020734 200
