1780712677602 2.893688774108887 1
1780712681026 4.494971847534179 2
1780712684411 4.192637634277344 3
1780712687852 4.240235900878906 4
1780712691285 4.851006317138672 5
1780712694675 5.064044189453125 6
1780712698118 5.589881896972656 7
1780712701552 6.0237068176269535 8
1780712704943 6.065335464477539 9
1780712708388 6.15264663696289 10
1780712711838 6.22373046875 11
1780712715240 5.417513656616211 12
1780712718695 3.8021926879882812 13
1780712722132 4.124311065673828 14
1780712725544 4.917863845825195 15
1780712728990 5.124066162109375 16
1780712732432 5.743019104003906 17
1780712735831 5.972478866577148 18
1780712739275 6.545515441894532 19
1780712742716 6.964743804931641 20
1780712746116 6.639308929443359 21
1780712749564 7.2468711853027346 22
1780712753001 7.500576019287109 23
1780712756402 8.1513671875 24
1780712759863 7.668145751953125 25
1780712763312 8.147396087646484 26
1780712766701 8.702321624755859 27
1780712770131 8.50915069580078 28
1780712773568 8.274334716796876 29
1780712776968 8.10599136352539 30
1780712780428 8.650032806396485 31
1780712783873 8.250729370117188 32
1780712787274 8.130480194091797 33
1780712790735 7.891766357421875 34
1780712794176 9.495005798339843 35
1780712797593 10.476325988769531 36
1780712801052 10.159132385253907 37
1780712804517 11.158118438720702 38
1780712807943 9.576193237304688 39
1780712811435 9.376661682128907 40
1780712814885 10.636370086669922 41
1780712818278 10.4620361328125 42
1780712821726 10.852036285400391 43
1780712825167 10.656295776367188 44
1780712828555 10.554971313476562 45
1780712832047 10.001217651367188 46
1780712835513 9.839620971679688 47
1780712838938 10.566876983642578 48
1780712842411 10.923040008544922 49
1780712845874 11.4414794921875 50
1780712849306 11.017777252197266 51
1780712852802 10.867506408691407 52
1780712856282 9.978622436523438 53
1780712859708 9.693105316162109 54
1780712863186 13.2799072265625 55
1780712866649 13.974452209472656 56
1780712870073 9.951514434814452 57
1780712873553 13.261819458007812 58
1780712877041 13.759640502929688 59
1780712880463 12.803709411621094 60
1780712883933 13.912699890136718 61
1780712887394 13.381890869140625 62
1780712890809 11.309033966064453 63
1780712894276 9.500798797607422 64
1780712897737 10.977006530761718 65
1780712901160 12.23154525756836 66
1780712904624 11.883241271972656 67
1780712908077 8.796265411376954 68
1780712911485 10.306939697265625 69
1780712914948 10.427446746826172 70
1780712918405 9.561095428466796 71
1780712921835 9.416362762451172 72
1780712925297 9.237156677246094 73
1780712928746 9.442120361328126 74
1780712932162 9.839678955078124 75
1780712935627 9.96621322631836 76
1780712939082 9.940673828125 77
1780712942495 10.005538177490234 78
1780712945982 10.09500503540039 79
1780712949502 10.871807861328126 80
1780712952947 10.590666198730469 81
1780712956417 9.274472045898438 82
1780712959887 9.45009765625 83
1780712963317 9.042835235595703 84
1780712966779 10.516162109375 85
1780712970241 10.414965057373047 86
1780712973674 10.5483642578125 87
1780712977150 11.095448303222657 88
1780712980598 9.881385803222656 89
1780712984010 10.733621978759766 90
1780712987483 10.682482147216797 91
1780712990939 10.101429748535157 92
1780712994353 10.380206298828124 93
1780712997813 10.532485961914062 94
1780713001262 10.685720062255859 95
1780713004680 10.727562713623048 96
1780713008135 11.287181091308593 97
1780713011585 9.882833862304688 98
1780713015001 9.126994323730468 99
1780713018448 9.215936279296875 100
1780713021896 9.885560607910156 101
1780713025305 10.944051361083984 102
1780713028760 9.82452850341797 103
1780713032215 9.467108917236327 104
1780713035649 9.052863311767577 105
1780713039114 8.182493591308594 106
1780713042570 7.722677612304688 107
1780713045987 7.76574478149414 108
1780713049450 8.063214111328126 109
1780713052899 7.88797607421875 110
1780713056315 8.219379425048828 111
1780713059790 7.471502685546875 112
1780713063249 8.017474365234374 113
1780713066673 8.87607650756836 114
1780713070137 9.461658477783203 115
1780713073584 8.506702423095703 116
1780713076996 7.584380340576172 117
1780713080457 7.576083374023438 118
1780713083901 10.298250579833985 119
1780713087351 6.759458923339844 120
1780713090794 7.8336326599121096 121
1780713094254 5.861428833007812 122
1780713097700 9.268505096435547 123
1780713101181 5.230033874511719 124
1780713104630 5.679792404174805 125
1780713108064 7.304180145263672 126
1780713111524 5.900676345825195 127
1780713114972 5.774797821044922 128
1780713118398 5.808869171142578 129
1780713121849 6.22916259765625 130
1780713125303 6.43880615234375 131
1780713128707 5.964744186401367 132
1780713132175 6.94073715209961 133
1780713135610 7.230706787109375 134
1780713139025 5.5336181640625 135
1780713142473 5.319879150390625 136
1780713145910 4.272126388549805 137
1780713149295 6.828397369384765 138
1780713152754 8.258067321777343 139
1780713156206 6.665177917480468 140
1780713159605 4.329739761352539 141
1780713163052 5.698086929321289 142
1780713166496 5.74275016784668 143
1780713169895 6.152188873291015 144
1780713173344 3.7420753479003905 145
1780713176788 5.075450134277344 146
1780713180198 5.7727409362792965 147
1780713183649 3.8437828063964843 148
1780713187091 3.771732711791992 149
1780713190487 3.4830257415771486 150
1780713193942 5.09158935546875 151
1780713197385 3.825063705444336 152
1780713200789 4.012169647216797 153
1780713204247 3.4120826721191406 154
1780713207702 3.3481369018554688 155
1780713211112 5.242695617675781 156
1780713214555 4.379434585571289 157
1780713217981 3.023641586303711 158
1780713221376 3.4834659576416014 159
1780713224860 3.153952217102051 160
1780713228309 2.6524147033691405 161
1780713231708 2.0920713424682615 162
1780713235167 3.9749465942382813 163
1780713238615 3.294656753540039 164
1780713242026 3.6558589935302734 165
1780713245501 5.035559844970703 166
1780713248950 2.313615608215332 167
1780713252362 2.7557388305664063 168
1780713255816 2.4803775787353515 169
1780713259361 2.198787498474121 170
1780713262766 2.460854911804199 171
1780713266217 2.571623420715332 172
1780713269665 2.096435546875 173
1780713273086 2.2898202896118165 174
1780713276705 1.984446144104004 175
1780713280344 1.9951774597167968 176
1780713283753 2.568388557434082 177
1780713287191 2.5272195816040037 178
1780713290641 2.2921932220458983 179
1780713294048 1.9176305770874023 180
1780713297502 2.490092086791992 181
1780713301097 1.7186597824096679 182
1780713304501 2.8982517242431642 183
1780713307940 2.3274497985839844 184
1780713311383 1.6649887084960937 185
1780713314780 2.116249847412109 186
1780713318379 1.9151140213012696 187
1780713321817 1.7429357528686524 188
1780713325217 2.272279739379883 189
1780713328820 1.6226425170898438 190
1780713332261 2.0028915405273438 191
1780713335665 1.6548006057739257 192
1780713339115 1.9760515213012695 193
1780713342705 1.3444063186645507 194
1780713346321 1.247013759613037 195
1780713349901 1.1457307815551758 196
1780713353339 1.1504825592041015 197
1780713356743 1.7016777038574218 198
1780713360206 1.3831497192382813 199
1780713363694 1.169790267944336 200
