1780712677603 56.38671875 1
1780712681026 49.6484375 2
1780712684412 49.7265625 3
1780712687852 46.9140625 4
1780712691286 48.10546875 5
1780712694675 49.21875 6
1780712698119 49.39453125 7
1780712701553 49.58984375 8
1780712704943 49.35546875 9
1780712708389 49.609375 10
1780712711839 49.453125 11
1780712715241 49.6875 12
1780712718696 49.55078125 13
1780712722133 49.47265625 14
1780712725545 49.453125 15
1780712728991 49.453125 16
1780712732433 49.375 17
1780712735832 49.58984375 18
1780712739276 49.35546875 19
1780712742717 49.5703125 20
1780712746117 49.5703125 21
1780712749565 49.453125 22
1780712753001 49.5703125 23
1780712756403 49.47265625 24
1780712759864 49.78515625 25
1780712763312 49.43359375 26
1780712766702 49.4921875 27
1780712770131 49.35546875 28
1780712773569 49.74609375 29
1780712776968 49.62890625 30
1780712780429 49.39453125 31
1780712783874 49.47265625 32
1780712787275 49.6484375 33
1780712790736 49.53125 34
1780712794176 49.94140625 35
1780712797593 49.4921875 36
1780712801053 49.58984375 37
1780712804517 49.6875 38
1780712807943 49.58984375 39
1780712811436 49.5703125 40
1780712814885 49.51171875 41
1780712818278 49.27734375 42
1780712821727 49.609375 43
1780712825168 49.23828125 44
1780712828556 49.43359375 45
1780712832048 49.6875 46
1780712835514 49.39453125 47
1780712838938 49.39453125 48
1780712842411 49.296875 49
1780712845874 49.58984375 50
1780712849307 49.23828125 51
1780712852803 49.39453125 52
1780712856282 49.74609375 53
1780712859708 49.6875 54
1780712863187 49.51171875 55
1780712866650 49.62890625 56
1780712870074 49.51171875 57
1780712873554 49.5703125 58
1780712877042 49.55078125 59
1780712880464 49.90234375 60
1780712883934 49.4140625 61
1780712887395 49.62890625 62
1780712890809 49.7265625 63
1780712894277 50.46874999999999 64
1780712897737 49.6484375 65
1780712901161 49.53125 66
1780712904625 49.5703125 67
1780712908078 49.53125 68
1780712911486 49.5703125 69
1780712914948 49.55078125 70
1780712918405 50.234375 71
1780712921835 49.31640625 72
1780712925298 49.609375 73
1780712928746 49.74609375 74
1780712932162 49.4921875 75
1780712935628 49.51171875 76
1780712939082 49.70703125 77
1780712942496 49.43359375 78
1780712945983 49.27734375 79
1780712949503 49.12109375 80
1780712952948 49.609375 81
1780712956418 50.91796875 82
1780712959888 50.17578124999999 83
1780712963318 50.546875 84
1780712966780 49.66796875 85
1780712970242 49.84375 86
1780712973675 49.31640625 87
1780712977150 49.43359375 88
1780712980599 49.5703125 89
1780712984011 49.55078125 90
1780712987484 49.74609375 91
1780712990940 50.0 92
1780712994353 49.55078125 93
1780712997814 49.609375 94
1780713001263 49.66796875 95
1780713004681 49.66796875 96
1780713008135 49.453125 97
1780713011586 50.21484375000001 98
1780713015001 50.0 99
1780713018449 49.82421875 100
1780713021897 49.921875 101
1780713025305 49.86328125 102
1780713028761 49.66796875 103
1780713032215 50.0 104
1780713035649 50.546875 105
1780713039114 52.32421874999999 106
1780713042571 52.61718749999999 107
1780713045988 52.79296875 108
1780713049451 51.9921875 109
1780713052900 51.69921875 110
1780713056315 51.015625 111
1780713059791 52.9296875 112
1780713063250 51.6015625 113
1780713066674 50.25390625 114
1780713070138 50.1953125 115
1780713073584 50.234375 116
1780713076997 51.796875 117
1780713080457 50.56640624999999 118
1780713083901 50.21484375000001 119
1780713087352 53.1640625 120
1780713090794 51.9140625 121
1780713094254 54.37499999999999 122
1780713097701 50.4296875 123
1780713101182 55.54687499999999 124
1780713104631 54.27734374999999 125
1780713108065 50.87890625 126
1780713111525 54.27734374999999 127
1780713114973 54.51171875000001 128
1780713118399 56.66015625000001 129
1780713121850 52.3828125 130
1780713125303 53.90625 131
1780713128707 54.47265624999999 132
1780713132176 52.51953124999999 133
1780713135610 51.1328125 134
1780713139025 56.09375 135
1780713142474 56.42578124999999 136
1780713145910 66.15234375 137
1780713149296 50.17578124999999 138
1780713152755 52.22656249999999 139
1780713156206 56.875 140
1780713159606 68.0078125 141
1780713163053 57.83203125000001 142
1780713166496 60.46875000000001 143
1780713169895 55.234375 144
1780713173345 69.3359375 145
1780713176788 58.75 146
1780713180198 54.98046875 147
1780713183650 65.15625 148
1780713187091 67.0703125 149
1780713190488 68.26171875 150
1780713193943 55.76171875 151
1780713197386 67.34375 152
1780713200789 62.79296875 153
1780713204247 67.3046875 154
1780713207702 67.05078125 155
1780713211112 55.54687499999999 156
1780713214555 59.94140624999999 157
1780713217981 69.70703125 158
1780713221376 67.20703125 159
1780713224861 65.6640625 160
1780713228309 72.48046875 161
1780713231709 76.0546875 162
1780713235168 58.53515625 163
1780713238615 66.15234375 164
1780713242026 63.41796875 165
1780713245502 51.28906250000001 166
1780713248951 72.421875 167
1780713252363 69.00390625 168
1780713255817 70.234375 169
1780713259362 74.2578125 170
1780713262767 74.0234375 171
1780713266218 69.62890625 172
1780713269665 73.69140625 173
1780713273087 73.84765625 174
1780713276706 77.51953125 175
1780713280344 76.85546875 176
1780713283753 70.91796875 177
1780713287192 71.2109375 178
1780713290641 74.2578125 179
1780713294048 76.77734375 180
1780713297503 70.48828125 181
1780713301098 77.67578125 182
1780713304502 67.8515625 183
1780713307941 72.5390625 184
1780713311384 76.796875 185
1780713314781 74.765625 186
1780713318380 77.67578125 187
1780713321817 77.32421875 188
1780713325218 72.421875 189
1780713328821 77.75390625 190
1780713332262 77.28515625 191
1780713335666 76.2890625 192
1780713339116 68.90625 193
1780713342706 79.47265625 194
1780713346321 81.42578125 195
1780713349901 82.32421875 196
1780713353340 78.4375 197
1780713356744 76.5625 198
1780713360207 77.91015625 199
1780713363694 81.015625 200
