1780705625689 8.418559439347305 1
1780705629048 7.023291783709919 2
1780705632566 5.859271747679383 3
1780705635923 4.888173020631514 4
1780705639321 4.078021383646073 5
1780705642885 3.4021419322277042 6
1780705646307 2.8382807832835533 7
1780705649726 2.3678723478422845 8
1780705653197 1.9754280438701732 9
1780705656618 1.648026322054359 10
1780705660038 1.3748872132355505 11
1780705663496 1.1470173891168394 12
1780705667022 0.9569140495824869 13
1780705670450 0.7983178868747552 14
1780705673924 0.666006992772487 15
