1780705625685 0.14928542375564574 1
1780705629046 7.647450256347656 2
1780705632564 6.835292816162109 3
1780705635922 6.837785339355468 4
1780705639320 4.815481185913086 5
1780705642883 5.003966522216797 6
1780705646305 3.6260860443115233 7
1780705649724 3.6764511108398437 8
1780705653196 1.8988121032714844 9
1780705656616 2.4412771224975587 10
1780705660037 1.1757576942443848 11
1780705663494 1.1153619766235352 12
1780705667020 0.7234550952911377 13
1780705670449 1.049326515197754 14
1780705673920 1.2906148910522461 15
