1780705695561 0.6504277229309082 1
1780705698975 0.3035375356674194 2
1780705702386 27.05938720703125 3
1780705705807 38.333258056640624 4
1780705709220 28.134014892578126 5
1780705712615 33.22780151367188 6
1780705716026 24.6643798828125 7
1780705719440 21.629293823242186 8
1780705722864 8.825028228759766 9
1780705726288 7.954296112060547 10
1780705729710 5.844988632202148 11
1780705733123 4.9475963592529295 12
1780705736633 1.8548494338989259 13
1780705740195 1.651219367980957 14
1780705743746 0.5648110389709473 15
