1780890790500 0.025221111981765083 1
1780890797813 0.027158268119977867 2
1780890805396 0.01833092907200689 3
1780890812898 0.011663023544394451 4
1780890820200 0.011221363492633986 5
1780890827538 0.014027701771777609 6
1780890834900 0.011769327132598213 7
1780890842257 0.014274278412694517 8
1780890849584 0.008723499982253365 9
1780890856940 0.013854082511818928 10
1780890864288 0.01256121241528055 11
1780890871637 0.007039090861444888 12
1780890879231 0.009469275241312773 13
1780890886526 0.014342420774957409 14
1780890893877 0.0112356582413549 15
1780890901219 0.008208513259887695 16
1780890908582 0.00850981020409128 17
1780890915921 0.007549302085586216 18
1780890923510 0.006834440905114879 19
1780890930798 0.012924738552259363 20
1780890938133 0.01789468915566154 21
1780890945493 0.010413881229317707 22
1780890952830 0.009228149186009947 23
1780890960429 0.006651117749836134 24
1780890967724 0.009019495352454807 25
1780890975352 0.005370833951493968 26
1780890982649 0.008155728163926498 27
1780890990003 0.009718911803287008 28
1780890997323 0.006940898687943169 29
1780891004692 0.008184203635091368 30
1780891012026 0.00762648362180461 31
1780891019375 0.006401154010192207 32
1780891026953 0.005706332300020301 33
1780891034405 0.005497462075689565 34
1780891041690 0.012028749870217365 35
1780891049049 0.007563073350035626 36
1780891056389 0.008238129641698755 37
1780891063736 0.00622685836709064 38
1780891071085 0.00926053718380306 39
1780891078432 0.00928665438423986 40
1780891085795 0.006081980207692022 41
1780891093122 0.00728193443754445 42
1780891100716 0.005035854876041412 43
1780891105262 0.007713247252547223 44
