1780890790503 0.6602242813933523 1
1780890797816 0.6602242813933523 2
1780890805399 0.6602242813933523 3
1780890812900 0.6602242813933523 4
1780890820202 0.6602242813933523 5
1780890827542 0.6602242813933523 6
1780890834904 0.6602242813933523 7
1780890842260 0.6602242813933523 8
1780890849587 0.6602242813933523 9
1780890856944 0.6602242813933523 10
1780890864292 0.6602242813933523 11
1780890871641 0.6602242813933523 12
1780890879234 0.6602242813933523 13
1780890886529 0.6602242813933523 14
1780890893881 0.6602242813933523 15
1780890901223 0.6602242813933523 16
1780890908586 0.6602242813933523 17
1780890915925 0.6602242813933523 18
1780890923513 0.6602242813933523 19
1780890930801 0.6602242813933523 20
1780890938136 0.6602242813933523 21
1780890945497 0.6602242813933523 22
1780890952833 0.6602242813933523 23
1780890960432 0.6602242813933523 24
1780890967726 0.6602242813933523 25
1780890975356 0.6602242813933523 26
1780890982651 0.6602242813933523 27
1780890990006 0.6602242813933523 28
1780890997326 0.6602242813933523 29
1780891004696 0.6602242813933523 30
1780891012029 0.6602242813933523 31
1780891019379 0.6602242813933523 32
1780891026957 0.6602242813933523 33
1780891034407 0.6602242813933523 34
1780891041693 0.6602242813933523 35
1780891049053 0.6602242813933523 36
1780891056392 0.6602242813933523 37
1780891063739 0.6602242813933523 38
1780891071089 0.6602242813933523 39
1780891078436 0.6602242813933523 40
1780891085798 0.6602242813933523 41
1780891093126 0.6602242813933523 42
1780891100720 0.6602242813933523 43
1780891105263 0.6602242813933523 44
