1780890790501 99.15930706521739 1
1780890797814 98.64979619565217 2
1780890805397 99.38858695652173 3
1780890812899 99.83865489130434 4
1780890820200 99.53294836956522 5
1780890827539 99.47350543478261 6
1780890834902 99.57540760869566 7
1780890842258 99.34612771739131 8
1780890849585 99.72826086956522 9
1780890856941 99.28668478260869 10
1780890864290 99.54993206521739 11
1780890871638 99.84714673913044 12
1780890879232 99.78770380434783 13
1780890886527 99.38858695652173 14
1780890893879 99.50747282608695 15
1780890901220 99.70278532608695 16
1780890908583 99.75373641304348 17
1780890915922 99.76222826086956 18
1780890923511 99.84714673913044 19
1780890930799 99.51596467391305 20
1780890938134 99.17629076086956 21
1780890945495 99.62635869565217 22
1780890952831 99.71127717391305 23
1780890960430 99.8131793478261 24
1780890967725 99.66032608695652 25
1780890975353 99.91508152173914 26
1780890982649 99.78770380434783 27
1780890990004 99.51596467391305 28
1780890997324 99.7961956521739 29
1780891004693 99.609375 30
1780891012027 99.66881793478261 31
1780891019376 99.75373641304348 32
1780891026954 99.8046875 33
1780891034406 99.83865489130434 34
1780891041691 99.44802989130434 35
1780891049050 99.67730978260869 36
1780891056390 99.66881793478261 37
1780891063737 99.83016304347827 38
1780891071086 99.53294836956522 39
1780891078433 99.6008831521739 40
1780891085796 99.8046875 41
1780891093123 99.66881793478261 42
1780891100717 99.82167119565217 43
1780891105262 99.74524456521739 44
