1780889419766 1.1579886726711108 1
1780889427647 48.53256623641305 2
1780889435431 31.54415230129076 3
1780889443353 104.60232676630434 4
1780889451226 111.0976031759511 5
1780889459014 92.34273097826087 6
1780889466930 1029.736667798913 7
1780889474810 55.39455247961956 8
1780889482596 185.90675951086956 9
1780889490514 328.99789826766306 10
1780889498395 173.72854746942934 11
1780889506184 44.96379288383152 12
1780889514100 45.25088633661685 13
1780889521981 167.0933678668478 14
1780889529765 160.01857591711956 15
1780889537695 264.3705417798913 16
1780889545582 87.43759022588316 17
1780889553365 207.17966627038044 18
1780889561293 58.43155039911685 19
1780889569177 233.5115276834239 20
1780889576960 16.258919093919836 21
1780889584883 245.85897163722825 22
1780889592760 61.55864151664402 23
1780889600545 65.76454228940217 24
1780889608465 32.67492145040761 25
1780889616332 62.97631305197011 26
1780889624125 111.63663383152173 27
1780889632052 59.89218537703805 28
1780889639917 40.24952764096467 29
1780889647697 61.72823963994565 30
1780889655623 71.61068062160327 31
1780889663498 72.75221849524456 32
1780889671273 38.25180451766305 33
1780889679255 75.6226169752038 34
1780889687126 77.80141813858695 35
1780889695003 48.68677819293478 36
1780889702880 56.96044921875 37
1780889710749 55.27505625849185 38
1780889718623 63.87747325067935 39
1780889726499 96.2976604959239 40
1780889734376 20.775360107421875 41
1780889742258 26.918661366338316 42
1780889750139 24.742574940557066 43
1780889758026 19.91225002122962 44
1780889765903 43.3338914954144 45
1780889773787 64.1213962720788 46
1780889781663 88.92431640625 47
1780889789542 64.30807362432066 48
1780889797418 21.94725102963655 49
1780889805293 46.51195227581522 50
1780889813170 47.00439983865489 51
1780889821048 32.01868737262228 52
1780889828926 40.183585788892664 53
1780889836803 24.479367463485055 54
1780889844680 27.010744841202445 55
1780889852558 26.05592677904212 56
1780889860437 42.09459918478261 57
1780889868310 38.067130710767664 58
1780889876197 35.587646484375 59
1780889884072 19.002264935037363 60
1780889891948 13.951869798743207 61
1780889899832 41.07699452275815 62
1780889907721 28.873551078464676 63
1780889915590 22.581877335258152 64
1780889923463 34.76632027004076 65
1780889931336 29.74718707540761 66
1780889939214 34.81389850118886 67
1780889947122 70.26033882472827 68
1780889954994 20.609660273012906 69
1780889962873 28.712381114130434 70
1780889970750 22.810254967730977 71
1780889978627 51.402407438858695 72
1780889986500 22.39081872027853 73
1780889994382 16.13965374490489 74
1780890002269 20.015631634256113 75
1780890010145 21.37356832753057 76
1780890018025 23.363541312839676 77
1780890025908 14.115087094514266 78
1780890033780 23.89734948199728 79
1780890041673 26.19640582540761 80
1780890049546 20.385909370754074 81
1780890057432 17.535671068274457 82
1780890065326 19.813980765964676 83
1780890073220 15.672209366508152 84
1780890081094 40.40650740913723 85
1780890088962 33.336433742357336 86
1780890096847 41.53384001358695 87
1780890104710 9.984138820482338 88
1780890112586 24.195723823879074 89
1780890120454 28.03494926120924 90
1780890128333 17.444747261379074 91
1780890136209 21.105958358101223 92
1780890144088 22.440188200577445 93
1780890151963 15.53881305197011 94
1780890159844 23.36427638841712 95
1780890167716 19.08721393087636 96
1780890175587 15.13293987771739 97
1780890183469 10.17159768809443 98
1780890191340 13.191331946331522 99
1780890199215 12.370225989300272 100
1780890207086 17.493404222571332 101
1780890214989 7.248622065005095 102
1780890222868 7.012023262355639 103
1780890230742 12.059794550356658 104
1780890238623 6.409873630689538 105
1780890246499 8.629231328549592 106
1780890254366 14.18752786387568 107
1780890262242 5.360997075619905 108
1780890270116 6.675694341244905 109
1780890277991 5.208602241847826 110
1780890285876 4.393223638119905 111
1780890293747 6.393198427946671 112
1780890301630 10.74854378078295 113
1780890309507 4.674188365106997 114
1780890317395 5.434660206670347 115
1780890325273 5.807923026706861 116
1780890333153 3.8305756942085596 117
1780890341031 3.5586700439453125 118
1780890348912 2.9546820599099863 119
1780890356787 6.241680642832881 120
1780890364671 3.7280654907226562 121
1780890372552 2.6038552989130435 122
1780890380428 1.8704807447350544 123
1780890388304 1.9098109369692595 124
1780890396182 4.1137247500212295 125
1780890404059 2.229526353918988 126
1780890411934 1.7903535262398098 127
1780890419824 2.8924318396526836 128
1780890427702 1.338715926460598 129
1780890435580 1.1122157884680706 130
1780890443460 0.8080362237018087 131
1780890451337 0.8073013969089674 132
1780890459212 0.8231348784073539 133
1780890467075 0.5113911006761633 134
1780890474949 0.34897990848707117 135
1780890482865 1.1849265720533289 136
1780890490742 0.6559374021447223 137
1780890498620 0.3421608883401622 138
1780890506502 0.6248493609221085 139
1780890514376 0.4816384522811226 140
1780890522258 0.457360433495563 141
1780890530135 0.1845219031624172 142
1780890538009 0.3692215214604917 143
1780890545894 0.27387063399605127 144
1780890553774 0.3708497337673021 145
1780890561652 0.22152935940286386 146
1780890569535 0.5651590927787449 147
1780890577525 0.3837903064230214 148
1780890585381 0.4968746848728346 149
1780890593263 0.5389946232671323 150
1780890601146 0.6957115505052649 151
1780890609015 0.5107832369597062 152
1780890616891 0.6494984004808508 153
1780890624774 0.5173395820285963 154
1780890632648 2.4071817812712295 155
1780890640523 0.5119797665139904 156
1780890648399 0.5743280493694803 157
1780890656280 0.5759045144786006 158
1780890664165 0.7061140640922214 159
1780890672046 1.0599280647609546 160
1780890679923 1.304419476052989 161
1780890687799 1.9613554581351902 162
1780890695685 1.375921746958857 163
1780890703553 1.168810802957286 164
1780890711425 1.4392947321352751 165
1780890719303 1.2292923305345618 166
1780890727182 1.37873011050017 167
1780890735059 1.3853679325269617 168
1780890742938 1.3710852913234546 169
1780890750852 1.4667141126549763 170
1780890758723 1.221570222274117 171
1780890766606 1.572243068529212 172
1780890774482 1.9303527500318445 173
1780890781850 2.110848799995754 174
