1780889419767 69.1491168478261 1
1780889427648 69.15760869565217 2
1780889435432 69.10665760869566 3
1780889443354 69.1491168478261 4
1780889451226 69.08967391304348 5
1780889459015 69.03872282608695 6
1780889466931 20.966372282608695 7
1780889474811 69.08967391304348 8
1780889482597 69.11514945652173 9
1780889490515 9.943953804347826 10
1780889498396 69.1321331521739 11
1780889506185 30.247961956521742 12
1780889514100 31.954823369565215 13
1780889521982 69.06419836956522 14
1780889529765 20.949388586956523 15
1780889537696 20.991847826086957 16
1780889545583 29.704483695652172 17
1780889553366 20.92391304347826 18
1780889561294 69.16610054347827 19
1780889569178 20.98335597826087 20
1780889576961 66.73743206521739 21
1780889584884 20.906929347826086 22
1780889592761 69.16610054347827 23
1780889600546 69.22554347826086 24
1780889608466 39.14741847826087 25
1780889616333 69.39538043478261 26
1780889624126 29.933763586956523 27
1780889632053 69.44633152173914 28
1780889639918 69.22554347826086 29
1780889647697 32.455842391304344 30
1780889655624 32.26902173913043 31
1780889663498 69.20006793478261 32
1780889671274 69.35292119565217 33
1780889679256 69.06419836956522 34
1780889687127 69.20006793478261 35
1780889695003 69.11514945652173 36
1780889702881 69.11514945652173 37
1780889710750 69.10665760869566 38
1780889718624 69.08118206521739 39
1780889726500 28.524116847826086 40
1780889734377 46.62024456521739 41
1780889742259 69.5397418478261 42
1780889750140 69.70108695652173 43
1780889758027 79.11854619565217 44
1780889765904 69.11514945652173 45
1780889773788 69.1491168478261 46
1780889781663 69.08118206521739 47
1780889789543 36.35360054347826 48
1780889797419 70.5163043478261 49
1780889805294 69.23403532608695 50
1780889813170 69.58220108695652 51
1780889821049 74.38009510869566 52
1780889828926 69.53125 53
1780889836804 77.68342391304348 54
1780889844681 71.36548913043478 55
1780889852559 69.63315217391305 56
1780889860438 69.53125 57
1780889868311 69.35292119565217 58
1780889876197 69.36141304347827 59
1780889884073 74.77072010869566 60
1780889891948 74.64334239130434 61
1780889899833 69.50577445652173 62
1780889907721 69.54823369565217 63
1780889915591 69.5227581521739 64
1780889923464 69.09816576086956 65
1780889931337 69.01324728260869 66
1780889939215 69.1491168478261 67
1780889947123 69.08118206521739 68
1780889954994 72.69870923913044 69
1780889962874 69.53125 70
1780889970751 69.44633152173914 71
1780889978628 69.04721467391305 72
1780889986501 74.91508152173914 73
1780889994383 86.35360054347827 74
1780890002270 86.38756793478261 75
1780890010146 69.31895380434783 76
1780890018026 69.48029891304348 77
1780890025909 75.17832880434783 78
1780890033781 69.20006793478261 79
1780890041674 69.50577445652173 80
1780890049547 69.77751358695652 81
1780890057433 73.13179347826086 82
1780890065327 69.84544836956522 83
1780890073221 70.73709239130434 84
1780890081094 69.30197010869566 85
1780890088963 69.06419836956522 86
1780890096848 69.08967391304348 87
1780890104711 82.8209918478261 88
1780890112587 70.00679347826086 89
1780890120455 69.90489130434783 90
1780890128334 70.1256793478261 91
1780890136209 70.02377717391305 92
1780890144088 69.79449728260869 93
1780890151964 70.59273097826086 94
1780890159845 70.04925271739131 95
1780890167717 70.47384510869566 96
1780890175588 70.39741847826086 97
1780890183470 72.08729619565217 98
1780890191341 71.17866847826086 99
1780890199216 71.33152173913044 100
1780890207087 70.55876358695652 101
1780890214990 76.5709918478261 102
1780890222868 78.15047554347827 103
1780890230743 71.58627717391305 104
1780890238624 77.5475543478261 105
1780890246500 75.06793478260869 106
1780890254367 70.20210597826086 107
1780890262243 77.95516304347827 108
1780890270117 75.46705163043478 109
1780890277992 77.09748641304348 110
1780890285877 78.77887228260869 111
1780890293748 72.18070652173914 112
1780890301631 69.3274456521739 113
1780890309508 76.15489130434783 114
1780890317396 77.25033967391305 115
1780890325274 73.6413043478261 116
1780890333154 78.18444293478261 117
1780890341032 80.29042119565217 118
1780890348913 81.26698369565217 119
1780890356788 71.2805706521739 120
1780890364672 82.8125 121
1780890372553 81.4368206521739 122
1780890380429 86.23471467391305 123
1780890388305 85.06283967391305 124
1780890396182 74.05740489130434 125
1780890404060 82.85495923913044 126
1780890411935 83.11820652173914 127
1780890419825 77.42866847826086 128
1780890427703 83.17764945652173 129
1780890435581 87.95855978260869 130
1780890443460 89.29177989130434 131
1780890451338 89.75033967391305 132
1780890459213 89.37669836956522 133
1780890467076 91.58457880434783 134
1780890474950 94.84544836956522 135
1780890482865 78.66847826086956 136
1780890490743 88.8756793478261 137
1780890498621 94.26800271739131 138
1780890506503 88.96908967391305 139
1780890514377 93.18104619565217 140
1780890522259 87.109375 141
1780890530136 95.56725543478261 142
1780890538010 92.17051630434783 143
1780890545894 94.25101902173914 144
1780890553775 93.70754076086956 145
1780890561652 95.41440217391305 146
1780890569536 90.47214673913044 147
1780890577525 93.68206521739131 148
1780890585382 91.15998641304348 149
1780890593264 89.35971467391305 150
1780890601147 88.51052989130434 151
1780890609016 90.53158967391305 152
1780890616892 89.33423913043478 153
1780890624775 90.8118206521739 154
1780890632649 76.80876358695652 155
1780890640524 89.34273097826086 156
1780890648400 89.58050271739131 157
1780890656281 89.04551630434783 158
1780890664166 86.47248641304348 159
1780890672047 85.1477581521739 160
1780890679923 78.66847826086956 161
1780890687799 68.49524456521739 162
1780890695685 81.86990489130434 163
1780890703554 79.8828125 164
1780890711426 77.5475543478261 165
1780890719303 82.09069293478261 166
1780890727183 81.38586956521739 167
1780890735060 82.07370923913044 168
1780890742939 83.05027173913044 169
1780890750853 82.34544836956522 170
1780890758724 83.48335597826086 171
1780890766607 80.89334239130434 172
1780890774483 76.80027173913044 173
1780890781851 75.26324728260869 174
